{"recipe":"https://raw.githubusercontent.com/mesoscope/cellPACK_data/master/cellPACK_database_1.1.0/recipes/BloodSerum1.0.xml","exteriorRecipe":{"Fibrinogen":{"compNum":0,"encapsulatingRadius":25.2,"results":[[[227.38206,556.04982,1039.0336],[[-0.110528,0.678699,0.726052,0],[0.88951,-0.258322,0.376885,0],[0.443347,0.687487,-0.575157,0],[0,0,0,1]]],[[-39.871112,-476.16751,651.5853],[[-0.916732,-0.358004,-0.1773,0],[-0.163436,-0.068887,0.984146,0],[-0.364542,0.931175,0.00464,0],[0,0,0,1]]],[[338.76715,492.53186,803.02959],[[-0.212655,-0.044301,0.976122,0],[0.966173,-0.158694,0.203286,0],[0.145899,0.986334,0.076549,0],[0,0,0,1]]],[[85.619796,-372.72727,512.11556],[[0.830793,-0.392199,0.394921,0],[-0.263519,-0.902156,-0.341574,0],[0.490245,0.179708,-0.852857,0],[0,0,0,1]]],[[314.08725,-588.62987,702.90501],[[-0.20507,-0.589441,0.781349,0],[-0.76282,0.596437,0.249738,0],[-0.613231,-0.544814,-0.571949,0],[0,0,0,1]]],[[-68.088336,-135.76008,18.593862],[[-0.848929,-0.444536,0.285844,0],[-0.386904,0.891179,0.236866,0],[-0.360034,0.090488,-0.928541,0],[0,0,0,1]]],[[12.40708,-266.73101,746.36687],[[0.108975,-0.647521,0.754216,0],[-0.052903,0.753881,0.654878,0],[-0.992636,-0.111265,0.047899,0],[0,0,0,1]]],[[-124.66227,-284.40801,1062.7469],[[-0.80219,-0.335478,-0.493908,0],[-0.558704,0.130027,0.819111,0],[-0.210572,0.933031,-0.291739,0],[0,0,0,1]]],[[-260.82934,617.92958,151.35005],[[0.244917,0.949814,0.194601,0],[-0.939568,0.182991,0.289355,0],[0.239223,-0.253709,0.937232,0],[0,0,0,1]]],[[-174.74844,-482.53346,927.41225],[[0.990958,0.02234,0.132299,0],[0.008713,-0.994674,0.102701,0],[0.133889,-0.10062,-0.985875,0],[0,0,0,1]]],[[-65.187159,502.56592,816.17495],[[-0.640025,0.408888,-0.650522,0],[0.083761,-0.804469,-0.58806,0],[-0.763775,-0.430861,0.480631,0],[0,0,0,1]]],[[46.133703,63.375704,1087.1406],[[0.800502,0.557561,-0.219822,0],[0.407199,-0.7751,-0.483124,0],[-0.439755,0.297231,-0.847508,0],[0,0,0,1]]],[[-149.60964,-357.15807,260.99061],[[0.544703,-0.449079,-0.708256,0],[0.371068,-0.628308,0.683767,0],[-0.752068,-0.635262,-0.175602,0],[0,0,0,1]]],[[380.89139,362.72206,-892.95415],[[0.508589,0.125967,-0.851745,0],[-0.844576,0.265341,-0.465066,0],[0.16742,0.95589,0.241338,0],[0,0,0,1]]],[[-23.959065,-345.11167,26.451116],[[-0.843137,-0.030578,0.536829,0],[-0.081583,0.994098,-0.071508,0],[-0.531474,-0.104087,-0.840655,0],[0,0,0,1]]]]},"Insulin":{"compNum":0,"encapsulatingRadius":11.59,"results":[[[195.71464,-78.575806,1121.0717],[[0.107316,-0.225446,-0.968327,0],[-0.957833,0.237653,-0.161484,0],[0.266531,0.944826,-0.190435,0],[0,0,0,1]]],[[30.684679,-212.96375,-149.27823],[[-0.821074,-0.310701,-0.478856,0],[-0.144346,0.924636,-0.352437,0],[0.55227,-0.220256,-0.804043,0],[0,0,0,1]]]]},"IgG_Antibody_1mer":{"compNum":0,"encapsulatingRadius":27.67,"results":[[[28.157493,417.86265,980.91789],[[-0.027483,-0.912741,-0.407614,0],[-0.526657,0.359805,-0.770177,0],[0.849633,0.193506,-0.49059,0],[0,0,0,1]]],[[286.05644,-370.65661,-237.06031],[[-0.136131,-0.988195,-0.070281,0],[-0.966479,0.116881,0.228597,0],[-0.217683,0.099044,-0.970981,0],[0,0,0,1]]],[[319.30674,-168.19978,93.708259],[[-0.230249,-0.002501,0.973128,0],[-0.449856,0.887006,-0.10416,0],[-0.862911,-0.461751,-0.205358,0],[0,0,0,1]]],[[-236.36533,-609.30705,547.99624],[[0.062322,0.825454,-0.561018,0],[0.994286,-0.10016,-0.036917,0],[-0.086665,-0.555512,-0.82698,0],[0,0,0,1]]],[[-182.54423,-422.57764,114.29663],[[-0.657754,-0.739828,0.141467,0],[0.11248,0.089233,0.989639,0],[-0.744787,0.666852,0.024523,0],[0,0,0,1]]],[[171.99326,306.95616,-399.38131],[[0.877743,-0.065577,-0.474623,0],[-0.404494,-0.632368,-0.660678,0],[-0.256811,0.771888,-0.581582,0],[0,0,0,1]]],[[342.815,70.315625,404.57469],[[0.288381,-0.264484,-0.920263,0],[0.214631,0.954494,-0.207063,0],[0.933151,-0.137804,0.332024,0],[0,0,0,1]]],[[58.060458,382.22095,454.85594],[[-0.924346,-0.32346,-0.20238,0],[-0.345536,0.484673,0.803553,0],[-0.161829,0.81269,-0.559773,0],[0,0,0,1]]],[[213.72939,379.34092,1103.7504],[[0.494362,0.734806,-0.464399,0],[0.625504,0.070272,0.77705,0],[0.603615,-0.674628,-0.424884,0],[0,0,0,1]]],[[281.65687,409.72282,379.6795],[[0.962411,0.254032,0.096085,0],[-0.261385,0.962423,0.073624,0],[-0.073771,-0.095972,0.992647,0],[0,0,0,1]]],[[33.9407,-337.148,859.47419],[[-0.039112,0.824643,-0.564299,0],[-0.780416,0.327473,0.532646,0],[0.624036,0.461222,0.630757,0],[0,0,0,1]]],[[295.26804,11.08982,507.83004],[[0.907955,-0.349268,-0.231579,0],[0.324235,0.235387,0.916223,0],[-0.265497,-0.906975,0.326966,0],[0,0,0,1]]],[[-257.77078,230.20684,-127.75563],[[0.92553,0.047429,0.375692,0],[-0.374818,-0.026473,0.92672,0],[0.053899,-0.998524,-0.006724,0],[0,0,0,1]]],[[201.58827,118.0012,23.475787],[[0.097582,-0.500998,0.85993,0],[-0.440105,-0.7967,-0.414218,0],[0.892629,-0.338039,-0.298235,0],[0,0,0,1]]],[[349.75938,291.93199,74.517272],[[-0.514016,-0.029339,-0.857278,0],[0.267318,0.944165,-0.192595,0],[0.815063,-0.328163,-0.477474,0],[0,0,0,1]]],[[-146.46426,-211.52064,313.74251],[[0.27275,-0.51238,-0.814294,0],[0.495864,-0.650439,0.575368,0],[-0.824455,-0.56071,0.076663,0],[0,0,0,1]]],[[-162.38429,549.52144,491.66613],[[0.898555,0.277672,-0.339848,0],[0.423426,-0.344966,0.837681,0],[0.115364,-0.896603,-0.427545,0],[0,0,0,1]]],[[-342.84445,562.62965,-657.54899],[[-0.626974,-0.702788,0.336145,0],[0.778812,-0.554987,0.292303,0],[-0.018871,0.44506,0.895302,0],[0,0,0,1]]],[[133.03868,-544.68953,37.898281],[[0.823093,-0.088389,0.560986,0],[0.412655,-0.585576,-0.697722,0],[0.390171,0.805784,-0.445509,0],[0,0,0,1]]],[[112.3877,522.20028,292.62966],[[0.105555,0.848598,-0.518401,0],[0.044977,-0.524854,-0.850003,0],[-0.993396,0.066406,-0.093568,0],[0,0,0,1]]],[[32.510053,-1.188113,690.54249],[[-0.035068,-0.805162,0.592017,0],[-0.667615,0.459686,0.585643,0],[-0.74368,-0.374702,-0.553659,0],[0,0,0,1]]],[[71.115024,439.25194,121.63447],[[0.705885,-0.131352,0.696041,0],[-0.29366,0.839959,0.456325,0],[-0.644585,-0.526512,0.554342,0],[0,0,0,1]]],[[-32.549132,-581.31215,374.23854],[[-0.677467,0.718332,-0.158234,0],[0.165607,0.358558,0.9187,0],[0.716668,0.596184,-0.361872,0],[0,0,0,1]]],[[-315.33157,563.87289,418.97563],[[0.953304,-0.068793,-0.294072,0],[0.282389,-0.142218,0.948699,0],[-0.107086,-0.987442,-0.11615,0],[0,0,0,1]]],[[-170.15126,2.074986,-63.155123],[[0.198791,0.257753,-0.94554,0],[-0.878633,0.474269,-0.055439,0],[0.434151,0.841803,0.32075,0],[0,0,0,1]]],[[-169.38156,161.68631,765.02716],[[-0.165912,0.366279,0.915594,0],[0.881384,0.471515,-0.028915,0],[-0.442307,0.802193,-0.401062,0],[0,0,0,1]]],[[-261.96241,-235.75202,885.51801],[[0.424201,-0.555876,-0.714881,0],[0.883403,0.42761,0.1917,0],[0.199129,-0.712848,0.672455,0],[0,0,0,1]]],[[32.159048,562.73771,576.7241],[[0.235789,0.971222,-0.033624,0],[0.923288,-0.213088,0.319582,0],[0.303221,-0.106398,-0.946962,0],[0,0,0,1]]],[[-26.063515,-399.60184,483.50322],[[0.704984,-0.391275,-0.591525,0],[-0.684776,-0.15843,-0.711324,0],[0.184608,0.906534,-0.379626,0],[0,0,0,1]]],[[203.8192,-330.47584,-1.319206],[[-0.229117,0.943054,-0.241151,0],[0.313688,-0.162991,-0.935432,0],[-0.921469,-0.28997,-0.258481,0],[0,0,0,1]]],[[260.23765,532.54672,724.96503],[[0.12117,-0.268002,-0.955768,0],[0.899407,-0.377746,0.219946,0],[-0.419983,-0.886275,0.195271,0],[0,0,0,1]]],[[116.12847,121.15018,51.704817],[[0.086315,-0.96343,-0.253678,0],[0.938993,0.163762,-0.302447,0],[0.332929,-0.212097,0.918789,0],[0,0,0,1]]],[[110.11201,528.25373,741.38405],[[-0.738035,0.264176,-0.620899,0],[-0.663547,-0.117072,0.738918,0],[0.122515,0.957343,0.261696,0],[0,0,0,1]]],[[183.65015,147.02901,201.60968],[[0.376303,0.278598,-0.883617,0],[0.611848,-0.790896,0.011203,0],[-0.695728,-0.544855,-0.468076,0],[0,0,0,1]]],[[174.75205,-273.04325,739.16803],[[0.977411,0.207223,0.041556,0],[0.108832,-0.324933,-0.939454,0],[-0.181174,0.922755,-0.340145,0],[0,0,0,1]]],[[-156.85976,-485.16898,139.07552],[[0.366814,-0.923215,-0.114547,0],[-0.359293,-0.027015,-0.932834,0],[0.858112,0.383333,-0.341614,0],[0,0,0,1]]],[[-141.85606,-124.90173,-82.875764],[[0.212899,0.075678,0.974139,0],[-0.389534,-0.907764,0.155655,0],[0.896068,-0.412599,-0.163783,0],[0,0,0,1]]],[[373.43669,471.98748,1133.5517],[[-0.810027,0.581865,-0.072726,0],[0.543991,0.69935,-0.463663,0],[-0.218929,-0.415142,-0.883022,0],[0,0,0,1]]],[[166.83006,114.07244,626.04832],[[0.376427,0.543598,0.750202,0],[-0.744882,0.659071,-0.103807,0],[-0.550866,-0.519736,0.653009,0],[0,0,0,1]]],[[296.17634,-503.88756,401.7592],[[0.202136,0.811594,0.548139,0],[-0.725808,0.499913,-0.472535,0],[-0.657528,-0.302328,0.690112,0],[0,0,0,1]]],[[342.30781,-317.08879,26.496269],[[-0.35202,0.437098,0.827664,0],[0.629943,0.764659,-0.135899,0],[-0.692282,0.473542,-0.544522,0],[0,0,0,1]]],[[22.784366,309.53037,-141.04739],[[0.653085,0.419204,0.630672,0],[-0.537499,-0.330056,0.775988,0],[0.533455,-0.845772,0.009767,0],[0,0,0,1]]],[[-115.77465,98.310356,-90.416513],[[-0.790721,-0.306335,0.530018,0],[0.500186,-0.822468,0.270853,0],[0.352951,0.479277,0.803567,0],[0,0,0,1]]],[[-175.98474,488.32164,-268.09102],[[-0.801941,-0.047015,0.59555,0],[-0.523658,0.535126,-0.66289,0],[-0.287529,-0.843463,-0.453759,0],[0,0,0,1]]],[[-96.098553,392.37902,772.67092],[[-0.624281,-0.635874,0.453802,0],[-0.276776,0.723258,0.632688,0],[-0.730526,0.269374,-0.627511,0],[0,0,0,1]]],[[-149.01394,324.35883,603.97908],[[0.289231,0.915821,-0.2786,0],[0.488419,0.109121,0.86576,0],[0.823282,-0.386478,-0.415743,0],[0,0,0,1]]],[[-150.81269,74.130021,130.7926],[[-0.999381,-0.01966,-0.029174,0],[0.01724,0.449169,-0.89328,0],[0.030666,-0.89323,-0.448552,0],[0,0,0,1]]],[[-116.90598,223.50184,951.71859],[[0.495699,-0.7332,0.46551,0],[-0.415033,-0.670815,-0.614618,0],[0.762909,0.111463,-0.636824,0],[0,0,0,1]]],[[29.269535,-493.49508,371.64566],[[0.564337,0.703125,0.432595,0],[0.680155,-0.692989,0.239072,0],[0.467881,0.159314,-0.869314,0],[0,0,0,1]]],[[-193.37384,539.4301,619.45638],[[-0.872937,-0.285316,0.395698,0],[-0.471451,0.701846,-0.533991,0],[-0.125362,-0.652692,-0.747179,0],[0,0,0,1]]],[[-61.904891,-112.23074,1122.0576],[[-0.378004,-0.910713,0.166478,0],[-0.142369,0.234862,0.961546,0],[-0.914792,0.339767,-0.218436,0],[0,0,0,1]]],[[-235.56727,479.43834,374.92753],[[-0.080693,0.972056,0.220444,0],[-0.751038,-0.204702,0.627725,0],[0.65531,-0.114909,0.746569,0],[0,0,0,1]]],[[-233.81315,127.53829,553.45625],[[0.738715,0.379372,0.557115,0],[0.673739,-0.391831,-0.626533,0],[-0.019394,0.83818,-0.545049,0],[0,0,0,1]]],[[-139.04295,-486.38934,504.11929],[[-0.706983,0.247106,-0.662657,0],[0.687348,0.019467,-0.726067,0],[-0.166516,-0.968793,-0.18361,0],[0,0,0,1]]],[[-355.44513,-318.85996,1131.6475],[[0.496008,0.350573,-0.794402,0],[-0.515732,-0.617081,-0.594333,0],[-0.698567,0.704493,-0.125276,0],[0,0,0,1]]],[[28.233137,118.36779,102.61059],[[0.290891,-0.452749,-0.842853,0],[0.815587,-0.343225,0.465848,0],[-0.5002,-0.822931,0.269415,0],[0,0,0,1]]],[[-151.98227,534.03068,1063.1378],[[0.338635,-0.569108,-0.749294,0],[-0.480973,0.57974,-0.657698,0],[0.808697,0.58311,-0.077406,0],[0,0,0,1]]],[[-183.45052,-81.26488,1115.7257],[[0.380649,-0.279129,0.881586,0],[0.553904,-0.694576,-0.45908,0],[0.740471,0.663062,-0.109779,0],[0,0,0,1]]],[[256.67424,239.94372,480.61343],[[0.598842,0.598551,0.532095,0],[0.006513,0.660737,-0.750589,0],[-0.800841,0.45295,0.391778,0],[0,0,0,1]]],[[-121.38615,613.80508,580.09253],[[0.256548,0.966183,-0.025951,0],[0.10323,-0.054086,-0.993186,0],[-0.961003,0.252121,-0.113615,0],[0,0,0,1]]],[[-87.628922,530.06412,-690.17331],[[0.812327,0.18414,-0.553369,0],[-0.429275,-0.453495,-0.781067,0],[-0.394775,0.872029,-0.289339,0],[0,0,0,1]]],[[-70.755949,323.35097,178.1926],[[-0.339845,0.763713,-0.548861,0],[0.054741,-0.566543,-0.822212,0],[-0.938887,-0.30947,0.15073,0],[0,0,0,1]]],[[-252.88124,575.32031,130.02899],[[0.273466,0.346198,0.89742,0],[0.094899,0.918722,-0.383333,0],[-0.957189,0.189993,0.218386,0],[0,0,0,1]]],[[192.32621,-619.19611,512.01504],[[0.331599,-0.288893,0.8981,0],[0.779988,-0.45157,-0.433247,0],[0.530717,0.844171,0.075593,0],[0,0,0,1]]],[[-278.55871,-107.5998,197.9597],[[0.869488,-0.35902,-0.339256,0],[-0.283976,0.198646,-0.938029,0],[0.404163,0.911945,0.070767,0],[0,0,0,1]]],[[168.0339,-249.17016,-34.690633],[[0.890086,-0.435709,0.133806,0],[-0.378009,-0.541635,0.750827,0],[-0.254668,-0.718881,-0.646804,0],[0,0,0,1]]],[[218.1874,556.67942,-410.09734],[[0.683729,-0.729727,-0.003706,0],[0.385386,0.356771,0.850994,0],[-0.619671,-0.583278,0.525162,0],[0,0,0,1]]],[[-30.784513,-547.08626,684.16394],[[-0.495333,0.851877,-0.170149,0],[0.31255,-0.007986,-0.949868,0],[-0.81053,-0.523681,-0.262298,0],[0,0,0,1]]],[[25.086967,-402.54588,801.24183],[[0.990905,0.076241,-0.11088,0],[0.124078,-0.83657,0.533624,0],[-0.052075,-0.542529,-0.838422,0],[0,0,0,1]]],[[80.512279,-513.30107,252.30695],[[0.615574,0.336301,-0.71272,0],[-0.137732,0.936367,0.322871,0],[0.77595,-0.100586,0.622723,0],[0,0,0,1]]],[[161.51561,253.01555,-169.61982],[[-0.816382,0.284091,-0.502805,0],[0.298395,0.952918,0.053919,0],[0.49445,-0.106016,-0.862717,0],[0,0,0,1]]],[[377.72765,-243.60595,-205.8769],[[-0.921706,-0.133968,0.36402,0],[0.381711,-0.146438,0.912608,0],[-0.068953,0.980106,0.18611,0],[0,0,0,1]]],[[387.38348,404.16077,667.5475],[[0.821815,-0.441777,-0.359797,0],[0.385898,0.896183,-0.218947,0],[0.41917,0.041089,0.906978,0],[0,0,0,1]]],[[311.97208,592.42256,871.39159],[[0.551574,0.818718,0.159583,0],[0.831388,-0.555096,-0.025721,0],[0.067526,0.146863,-0.986849,0],[0,0,0,1]]],[[341.71679,582.90291,72.254533],[[0.444086,-0.857307,-0.260409,0],[-0.884816,-0.465366,0.023142,0],[-0.141025,0.220137,-0.965221,0],[0,0,0,1]]],[[97.233462,542.06137,-381.98344],[[-0.041338,0.745149,0.665615,0],[0.601064,-0.513611,0.612312,0],[0.798131,0.425389,-0.42665,0],[0,0,0,1]]],[[-126.52041,156.04509,681.75028],[[0.146627,-0.214004,-0.965765,0],[0.140193,-0.961967,0.234447,0],[-0.979207,-0.16977,-0.111049,0],[0,0,0,1]]],[[1.396392,-163.39816,532.71438],[[-0.10133,0.94031,-0.324884,0],[-0.860478,0.081062,0.502997,0],[0.499309,0.330525,0.800902,0],[0,0,0,1]]],[[146.06603,10.176325,731.831],[[-0.538738,0.527867,-0.656596,0],[0.396308,-0.528962,-0.750426,0],[-0.743439,-0.664497,0.075774,0],[0,0,0,1]]],[[151.27512,315.69446,798.48503],[[-0.000714,0.900896,-0.434035,0],[-0.815142,-0.251944,-0.521601,0],[-0.579261,0.353428,0.734538,0],[0,0,0,1]]],[[68.074037,-110.14365,642.03458],[[-0.556958,0.828253,0.061605,0],[0.225225,0.222014,-0.948675,0],[-0.79942,-0.514497,-0.310196,0],[0,0,0,1]]],[[-288.7339,-573.21236,73.32719],[[0.384289,0.923082,0.015517,0],[-0.919998,0.381495,0.089809,0],[0.076982,-0.048789,0.995838,0],[0,0,0,1]]],[[-355.35051,359.39998,-411.37437],[[0.990722,0.068377,-0.117453,0],[0.047301,0.636708,0.769653,0],[0.127409,-0.768068,0.627566,0],[0,0,0,1]]],[[181.32933,582.61655,-141.036],[[0.613727,-0.682105,-0.397582,0],[0.662292,0.71891,-0.21104,0],[0.429777,-0.133795,0.892968,0],[0,0,0,1]]],[[68.059473,-106.47042,-32.54469],[[0.805565,-0.273779,-0.525462,0],[-0.03376,0.864195,-0.502023,0],[0.591545,0.422152,0.686922,0],[0,0,0,1]]],[[276.31173,54.686681,897.33379],[[-0.832278,-0.535702,0.142607,0],[0.276962,-0.17898,0.944065,0],[-0.480213,0.825221,0.29733,0],[0,0,0,1]]],[[341.88211,-357.58157,1059.3509],[[0.0185,-0.953717,0.300135,0],[-0.999822,-0.018762,0.00201,0],[0.003714,-0.300118,-0.953895,0],[0,0,0,1]]],[[-297.1064,-16.942027,947.93884],[[-0.101145,-0.993727,-0.047707,0],[0.093481,0.038247,-0.994886,0],[0.99047,-0.105088,0.089026,0],[0,0,0,1]]],[[-176.68262,553.7362,-210.60052],[[0.016043,0.33644,-0.941568,0],[-0.682679,0.691718,0.235532,0],[0.730542,0.63901,0.240778,0],[0,0,0,1]]],[[-236.56097,316.52103,985.23549],[[0.03656,-0.55112,0.833624,0],[0.370424,-0.767285,-0.523508,0],[0.928143,0.327934,0.176096,0],[0,0,0,1]]],[[-20.589319,618.26273,-638.32577],[[-0.417236,-0.841729,-0.342647,0],[0.653624,-0.539894,0.530368,0],[-0.631419,-0.002674,0.775437,0],[0,0,0,1]]],[[111.12635,-566.52792,578.23633],[[0.345418,0.688422,-0.637779,0],[0.241847,0.591353,0.769293,0],[0.906751,-0.419972,0.037771,0],[0,0,0,1]]],[[-272.26569,-249.37346,467.79679],[[-0.080891,0.817535,0.57017,0],[-0.030462,0.56975,-0.821254,0],[-0.996257,-0.083801,-0.021184,0],[0,0,0,1]]],[[219.71292,304.60618,933.46933],[[-0.649648,0.74738,-0.139216,0],[0.497905,0.2799,-0.820821,0],[-0.574499,-0.60256,-0.55396,0],[0,0,0,1]]],[[144.36397,-510.22872,717.38297],[[-0.905591,0.337774,-0.256541,0],[-0.332996,-0.191557,0.923266,0],[0.262713,0.921528,0.28595,0],[0,0,0,1]]],[[241.13126,-365.29175,798.01251],[[0.664738,-0.653119,0.362711,0],[-0.624489,-0.219298,0.749615,0],[-0.410046,-0.724807,-0.553641,0],[0,0,0,1]]],[[147.69579,142.12476,791.61519],[[0.423093,-0.639436,0.64196,0],[0.759343,0.636781,0.133821,0],[-0.494358,0.43085,0.75497,0],[0,0,0,1]]],[[-42.84986,-112.05339,207.45979],[[-0.070601,-0.128281,0.989222,0],[-0.996343,0.056908,-0.063729,0],[-0.048119,-0.990104,-0.131829,0],[0,0,0,1]]],[[307.17998,-483.17267,284.47636],[[-0.631142,-0.499761,-0.593211,0],[-0.314217,-0.534487,0.784597,0],[-0.709174,0.681588,0.180303,0],[0,0,0,1]]],[[-18.852903,-447.96901,-155.23169],[[0.743278,0.506988,0.436465,0],[-0.50926,0.851881,-0.122282,0],[-0.433811,-0.131385,0.891373,0],[0,0,0,1]]],[[162.3877,34.399042,489.27008],[[-0.202674,-0.969654,0.136726,0],[0.669728,-0.035392,0.741762,0],[-0.714414,0.241905,0.656578,0],[0,0,0,1]]],[[203.94465,521.68,286.63562],[[-0.87746,-0.230983,0.420369,0],[0.202524,0.616036,0.761238,0],[-0.434795,0.753091,-0.493767,0],[0,0,0,1]]],[[-348.51216,-137.45435,-84.407914],[[-0.031146,0.633889,0.772796,0],[-0.990235,0.085541,-0.110075,0],[-0.135881,-0.768679,0.625036,0],[0,0,0,1]]],[[276.77808,-538.26078,142.29278],[[0.900002,0.02404,0.435222,0],[-0.37042,-0.484106,0.792736,0],[0.22975,-0.874679,-0.426791,0],[0,0,0,1]]],[[9.302666,61.430195,-34.276341],[[-0.088215,0.994818,0.050558,0],[-0.899477,-0.057749,-0.433134,0],[-0.42797,-0.083685,0.89991,0],[0,0,0,1]]],[[-321.86127,309.72697,86.127774],[[-0.264739,-0.880169,0.393975,0],[0.930152,-0.340865,-0.136486,0],[0.254423,0.330323,0.908931,0],[0,0,0,1]]],[[320.13686,553.99964,-822.51346],[[0.003392,0.323243,0.94631,0],[-0.863517,0.478185,-0.160245,0],[-0.504309,-0.816611,0.280747,0],[0,0,0,1]]],[[-116.18293,88.924716,890.42301],[[-0.746327,-0.279944,0.603845,0],[-0.662168,0.220548,-0.716165,0],[0.067309,-0.934339,-0.34997,0],[0,0,0,1]]],[[-256.27652,487.08512,-116.6617],[[0.715438,-0.294452,0.633598,0],[0.524353,-0.373032,-0.765441,0],[0.461738,0.879855,-0.112485,0],[0,0,0,1]]]]},"i1ysx_23kD":{"compNum":0,"encapsulatingRadius":14.59,"results":[[[291.65945,444.24226,-956.11574],[[-0.533713,-0.811193,0.238991,0],[0.468639,-0.518952,-0.714889,0],[0.703938,-0.269545,0.657128,0],[0,0,0,1]]],[[192.70092,432.6984,-426.76708],[[-0.779031,-0.222519,-0.58617,0],[-0.626249,0.321444,0.710272,0],[0.030372,0.920413,-0.389767,0],[0,0,0,1]]],[[250.37018,-578.98949,1132.9948],[[0.559098,-0.715974,-0.41808,0],[0.526853,-0.082555,0.845938,0],[-0.640184,-0.693228,0.331057,0],[0,0,0,1]]],[[-117.70903,317.72063,114.51519],[[0.176658,0.067687,-0.981942,0],[0.912966,0.361537,0.18917,0],[0.367812,-0.929898,0.002072,0],[0,0,0,1]]],[[219.66473,-560.04542,1053.3765],[[0.447158,0.859949,0.246043,0],[-0.387801,-0.061487,0.91969,0],[0.806015,-0.506662,0.305995,0],[0,0,0,1]]],[[-7.021649,578.29653,-625.84973],[[0.662612,-0.690391,-0.290354,0],[-0.715372,-0.698198,0.027605,0],[-0.221783,0.18942,-0.956521,0],[0,0,0,1]]],[[-279.08983,-476.42754,753.02557],[[-0.432243,0.744754,0.508437,0],[0.20868,0.631135,-0.747075,0],[-0.877279,-0.216817,-0.428219,0],[0,0,0,1]]],[[6.811149,119.47913,279.32614],[[0.847463,-0.39278,0.357113,0],[0.504023,0.806511,-0.309033,0],[-0.166633,0.441887,0.881459,0],[0,0,0,1]]],[[287.29329,17.040349,-121.22799],[[0.159012,-0.103595,0.981827,0],[0.95204,-0.247229,-0.180273,0],[0.261411,0.963403,0.059314,0],[0,0,0,1]]],[[-3.021325,519.9544,-360.28979],[[-0.366179,-0.141026,-0.919796,0],[-0.92991,0.091954,0.356107,0],[0.034359,0.985726,-0.164813,0],[0,0,0,1]]]]},"AntiTrypsin":{"compNum":0,"encapsulatingRadius":16.8,"results":[[[166.94514,486.2424,414.28651],[[0.399077,-0.597696,0.69534,0],[0.260635,-0.653118,-0.71099,0],[0.879095,0.464969,-0.104863,0],[0,0,0,1]]],[[-193.48576,-115.21108,-97.411613],[[-0.756402,-0.156177,0.635188,0],[-0.568473,0.637317,-0.520256,0],[-0.323564,-0.75461,-0.57085,0],[0,0,0,1]]],[[8.52156,620.10618,687.13577],[[0.331269,0.941183,0.06659,0],[0.445732,-0.218307,0.868139,0],[0.831615,-0.257907,-0.491834,0],[0,0,0,1]]],[[372.42527,158.00565,475.10235],[[-0.16244,0.326066,-0.931286,0],[0.958453,0.276427,-0.070394,0],[0.23448,-0.904029,-0.357422,0],[0,0,0,1]]],[[137.02653,-229.79187,871.78944],[[-0.764623,-0.416865,0.491502,0],[0.638129,-0.382927,0.667951,0],[-0.090236,0.824373,0.558809,0],[0,0,0,1]]],[[219.05068,-116.1383,-166.99102],[[0.889383,0.342477,0.302831,0],[-0.199353,0.886655,-0.417255,0],[-0.411407,0.310729,0.85685,0],[0,0,0,1]]],[[362.73558,241.14319,1002.5854],[[0.048223,0.987445,-0.150424,0],[0.99404,-0.032703,0.103995,0],[0.09777,-0.154542,-0.983137,0],[0,0,0,1]]],[[-37.061,502.12183,500.33335],[[-0.129302,0.949963,-0.284342,0],[0.860873,-0.034768,-0.50763,0],[-0.492116,-0.31042,-0.813302,0],[0,0,0,1]]],[[-45.676271,-331.91323,346.40628],[[0.074168,0.779877,-0.621523,0],[-0.599893,-0.462975,-0.652521,0],[-0.796635,0.421243,0.433505,0],[0,0,0,1]]],[[255.68624,325.3221,259.17607],[[-0.926052,0.291442,-0.239768,0],[-0.371572,-0.592928,0.714402,0],[0.066041,0.750665,0.657375,0],[0,0,0,1]]],[[272.41668,-117.47054,479.39389],[[-0.358927,-0.812063,-0.460135,0],[0.448685,0.282168,-0.847976,0],[0.818446,-0.510817,0.263083,0],[0,0,0,1]]],[[-51.858488,613.99981,-818.58216],[[-0.8506,0.52501,0.029033,0],[0.458053,0.766969,-0.449385,0],[-0.258199,-0.368948,-0.892866,0],[0,0,0,1]]],[[355.24625,300.71402,505.61995],[[0.801135,0.591587,0.090595,0],[-0.570164,0.800444,-0.18494,0],[-0.181924,0.096508,0.978565,0],[0,0,0,1]]],[[256.8652,180.91554,-150.76273],[[-0.277835,-0.875078,-0.39629,0],[-0.765041,0.451051,-0.459636,0],[0.580964,0.175475,-0.794789,0],[0,0,0,1]]],[[323.3678,577.82137,-267.38016],[[0.730326,0.411958,-0.544898,0],[0.678607,-0.528868,0.509697,0],[-0.078205,-0.742017,-0.665804,0],[0,0,0,1]]],[[188.49175,-489.45278,639.02441],[[0.38109,0.902365,0.201266,0],[-0.704113,0.142191,0.695706,0],[0.599162,-0.406841,0.689554,0],[0,0,0,1]]],[[167.83797,604.19089,696.35909],[[-0.613501,0.776784,-0.142212,0],[-0.533535,-0.540485,-0.650551,0],[-0.582201,-0.323238,0.746029,0],[0,0,0,1]]],[[-86.378911,504.69456,-1083.1834],[[0.346821,0.67985,0.646157,0],[0.24999,-0.731,0.634936,0],[0.904002,-0.058676,-0.423482,0],[0,0,0,1]]],[[318.25692,353.43898,-292.28714],[[0.261351,-0.949237,-0.175056,0],[-0.886125,-0.16404,-0.433445,0],[0.382726,0.268403,-0.884014,0],[0,0,0,1]]],[[109.34992,378.53304,776.4206],[[-0.998136,0.058888,-0.016013,0],[0.060813,0.981687,-0.180536,0],[0.005088,-0.181173,-0.983438,0],[0,0,0,1]]],[[79.915847,-340.72188,178.97362],[[0.552482,0.423828,-0.717728,0],[-0.747037,0.633724,-0.20082,0],[0.369728,0.647119,0.666736,0],[0,0,0,1]]],[[314.12146,-603.78001,744.8472],[[-0.287086,-0.109033,-0.951679,0],[-0.181005,-0.969428,0.165669,0],[-0.940648,0.21982,0.258574,0],[0,0,0,1]]],[[289.07443,-599.40253,-178.63475],[[0.390986,-0.879396,-0.271649,0],[-0.817259,-0.195955,-0.541932,0],[0.423341,0.433895,-0.795309,0],[0,0,0,1]]],[[339.26618,-337.23808,405.65516],[[0.156992,0.982925,-0.095983,0],[-0.424322,-0.020628,-0.905276,0],[-0.891798,0.182849,0.413838,0],[0,0,0,1]]],[[251.66766,-568.17999,-172.20152],[[0.136828,0.678728,-0.721531,0],[0.932586,0.157333,0.324852,0],[0.334007,-0.717339,-0.611445,0],[0,0,0,1]]],[[-208.76049,267.52809,1038.1807],[[0.741664,-0.44498,-0.501923,0],[0.469412,0.87883,-0.085502,0],[0.479152,-0.172195,0.860676,0],[0,0,0,1]]],[[234.23461,-136.90237,982.00688],[[0.423996,0.883167,-0.200607,0],[0.885113,-0.451001,-0.114778,0],[-0.191842,-0.128894,-0.972925,0],[0,0,0,1]]],[[342.17278,348.33156,261.72095],[[-0.464312,0.856638,0.22491,0],[-0.098996,0.202154,-0.974337,0],[-0.880121,-0.474662,-0.009059,0],[0,0,0,1]]],[[-30.696622,182.76982,1087.7345],[[0.554292,-0.612017,-0.564088,0],[0.742383,0.057099,0.667539,0],[-0.376336,-0.788781,0.486,0],[0,0,0,1]]],[[170.99495,-11.576141,591.84],[[0.622129,0.749566,-0.226069,0],[-0.546962,0.62272,0.559511,0],[0.560168,-0.224436,0.797396,0],[0,0,0,1]]],[[80.882964,-343.80866,749.48244],[[-0.5561,0.766251,0.321888,0],[-0.677766,-0.642258,0.357965,0],[0.481026,-0.0191,0.876498,0],[0,0,0,1]]],[[80.304508,491.91199,-66.732379],[[-0.198716,0.844033,0.498117,0],[-0.532655,0.333624,-0.777801,0],[-0.822673,-0.419886,0.383282,0],[0,0,0,1]]],[[-138.96788,-20.96148,385.05918],[[-0.959283,0.112281,-0.259172,0],[-0.24941,-0.767376,0.590701,0],[-0.132558,0.631289,0.764135,0],[0,0,0,1]]],[[-49.328463,230.22257,1133.4509],[[0.338057,0.340739,-0.877277,0],[0.192159,0.887529,0.41877,0],[0.921299,-0.310145,0.234559,0],[0,0,0,1]]],[[-348.70015,-338.0882,434.19921],[[0.424997,-0.842738,0.330408,0],[-0.903313,-0.418373,0.094813,0],[0.058332,-0.338757,-0.939064,0],[0,0,0,1]]],[[197.43701,376.89471,-364.18141],[[-0.08295,0.163063,-0.983122,0],[-0.420958,0.888453,0.18288,0],[0.903279,0.429024,-0.005055,0],[0,0,0,1]]],[[325.59747,-126.86825,1043.5523],[[0.330021,-0.200612,0.92241,0],[-0.595257,0.714163,0.368293,0],[-0.732636,-0.670616,0.116273,0],[0,0,0,1]]],[[171.68359,584.12046,131.159],[[0.71775,0.540479,-0.438996,0],[-0.622558,0.215749,-0.752246,0],[-0.31186,0.813225,0.491333,0],[0,0,0,1]]],[[-319.85316,-246.70226,69.726486],[[-0.545092,0.79035,-0.279682,0],[-0.082557,0.281377,0.956039,0],[0.834302,0.544219,-0.088128,0],[0,0,0,1]]],[[-33.975266,436.0181,-54.616128],[[-0.734449,-0.366811,0.570994,0],[-0.001549,-0.840442,-0.5419,0],[0.678662,-0.398882,0.616693,0],[0,0,0,1]]],[[234.57676,-15.709961,261.25627],[[-0.555667,-0.145343,-0.818602,0],[0.300817,-0.95304,-0.034982,0],[-0.775076,-0.265688,0.573295,0],[0,0,0,1]]],[[-73.084101,-450.89569,5.488551],[[0.692188,0.670428,-0.267213,0],[-0.085951,0.444187,0.891802,0],[0.716581,-0.594327,0.365084,0],[0,0,0,1]]],[[20.567349,221.13419,-200.23494],[[-0.491783,0.357834,-0.793791,0],[-0.351694,0.752344,0.557037,0],[0.796531,0.553113,-0.244142,0],[0,0,0,1]]],[[116.34984,535.78235,-439.42209],[[-0.971669,0.20398,0.119383,0],[0.156841,0.934367,-0.319937,0],[-0.176808,-0.292149,-0.939887,0],[0,0,0,1]]],[[-322.89682,454.36832,759.25272],[[0.861405,0.507871,-0.006978,0],[0.029821,-0.064286,-0.997486,0],[-0.507043,0.859031,-0.070522,0],[0,0,0,1]]],[[320.24784,-298.48074,652.86062],[[0.572871,0.492668,0.655054,0],[-0.177946,0.854887,-0.487342,0],[-0.800096,0.16262,0.577409,0],[0,0,0,1]]],[[-276.19968,495.63078,-221.70058],[[0.205605,0.974868,-0.085788,0],[-0.121769,-0.061495,-0.990652,0],[-0.97103,0.21413,0.106065,0],[0,0,0,1]]],[[-367.794,428.57057,399.90463],[[0.829709,-0.536475,-0.1542,0],[0.537343,0.842434,-0.039596,0],[0.151145,-0.050005,0.987246,0],[0,0,0,1]]],[[56.626218,94.929767,-228.53802],[[-0.130704,-0.256644,0.957627,0],[-0.475819,-0.831161,-0.287694,0],[0.869778,-0.49326,-0.01348,0],[0,0,0,1]]],[[367.59463,-569.61466,716.52241],[[0.070453,-0.959749,-0.271879,0],[-0.83404,0.092834,-0.543838,0],[0.547187,0.265073,-0.793928,0],[0,0,0,1]]],[[-12.378116,144.81586,811.05874],[[-0.668224,-0.72951,0.145919,0],[-0.722918,0.68303,0.104207,0],[-0.175687,-0.035854,-0.983793,0],[0,0,0,1]]],[[376.80417,524.30276,-69.758555],[[0.511727,0.361547,0.779371,0],[0.353411,-0.915423,0.192615,0],[0.783094,0.176871,-0.596222,0],[0,0,0,1]]],[[-317.20749,360.1447,774.37057],[[-0.644082,0.372735,0.668002,0],[0.358257,0.918546,-0.167107,0],[-0.675878,0.131686,-0.725154,0],[0,0,0,1]]],[[-124.05601,553.39115,-754.28225],[[0.907718,-0.278423,-0.313892,0],[0.403344,0.785127,0.469989,0],[0.115589,-0.553224,0.824974,0],[0,0,0,1]]],[[281.74625,474.71401,336.06245],[[-0.271456,-0.502817,-0.820662,0],[0.845689,-0.531688,0.046029,0],[-0.459481,-0.68153,0.569556,0],[0,0,0,1]]],[[-110.72138,-473.19902,977.16831],[[-0.211034,0.897851,-0.38643,0],[-0.844769,0.031364,0.534211,0],[0.491762,0.439181,0.751858,0],[0,0,0,1]]],[[119.88229,415.56969,-515.47853],[[-0.022863,0.701492,-0.71231,0],[-0.879192,-0.353286,-0.319702,0],[-0.475918,0.618948,0.624824,0],[0,0,0,1]]],[[-258.1029,-300.1972,324.86518],[[0.937477,0.05311,0.343971,0],[0.317798,-0.533611,-0.78375,0],[0.141922,0.844061,-0.517126,0],[0,0,0,1]]],[[371.71751,345.929,-1107.0989],[[0.522097,0.818067,0.241208,0],[-0.668529,0.568151,-0.479868,0],[-0.529607,0.089284,0.843531,0],[0,0,0,1]]],[[189.65723,134.11308,380.54295],[[0.233699,-0.960035,0.154004,0],[-0.24729,0.094495,0.964323,0],[-0.940336,-0.263445,-0.215324,0],[0,0,0,1]]],[[-176.71977,-361.37653,187.36068],[[0.987179,-0.00616,0.159499,0],[-0.113108,0.678067,0.726245,0],[-0.112625,-0.734974,0.668677,0],[0,0,0,1]]],[[320.61015,-139.28132,780.327],[[0.408541,-0.910904,0.057864,0],[-0.780039,-0.315523,0.540355,0],[-0.473954,-0.265893,-0.839445,0],[0,0,0,1]]],[[-179.50545,-21.14226,310.94538],[[-0.098433,-0.915516,-0.390053,0],[0.469696,0.302809,-0.829272,0],[0.877324,-0.264834,0.400208,0],[0,0,0,1]]],[[288.88952,496.74869,344.35639],[[0.437553,0.426208,-0.791767,0],[0.589619,0.52881,0.610499,0],[0.678894,-0.733967,-0.019918,0],[0,0,0,1]]],[[373.93941,589.86798,808.32036],[[0.294623,-0.940607,0.168688,0],[0.135122,-0.133745,-0.981761,0],[0.946012,0.312043,0.087692,0],[0,0,0,1]]],[[-228.85499,-211.4753,680.48161],[[0.330478,0.936753,-0.115234,0],[-0.671635,0.319194,0.668597,0],[0.663092,-0.143562,0.734642,0],[0,0,0,1]]],[[-266.69261,-167.1154,163.7297],[[0.799993,-0.59222,0.096368,0],[-0.144894,-0.346536,-0.926779,0],[0.582251,0.727453,-0.363036,0],[0,0,0,1]]],[[249.01683,-342.66493,553.26796],[[0.325136,-0.927254,0.185708,0],[-0.733693,-0.123445,0.668174,0],[-0.596642,-0.3535,-0.720456,0],[0,0,0,1]]],[[-85.693501,610.43425,-20.318165],[[-0.277817,-0.682372,-0.676155,0],[0.132007,0.670068,-0.730468,0],[0.951521,-0.292194,-0.096079,0],[0,0,0,1]]],[[258.75523,143.55756,915.92722],[[0.592581,-0.801353,0.081732,0],[-0.097744,-0.172251,-0.980192,0],[0.799558,0.572855,-0.1804,0],[0,0,0,1]]]]},"i1smd_56kD":{"compNum":0,"encapsulatingRadius":16.97,"results":[[[-294.3069,134.29459,540.04162],[[-0.237009,0.062465,-0.969497,0],[-0.365637,-0.930292,0.029446,0],[-0.900076,0.361463,0.243327,0],[0,0,0,1]]],[[-327.10965,186.57614,572.057],[[-0.355268,-0.484574,0.799358,0],[-0.922009,0.040867,-0.385006,0],[0.153897,-0.873795,-0.4613,0],[0,0,0,1]]],[[79.837017,368.02916,315.26917],[[0.691714,0.093985,0.71603,0],[0.510314,-0.765169,-0.39255,0],[0.51099,0.636933,-0.57724,0],[0,0,0,1]]],[[-196.62646,199.2415,16.737038],[[0.975974,0.064477,0.208126,0],[-0.201251,0.632818,0.747689,0],[-0.083498,-0.771611,0.63059,0],[0,0,0,1]]],[[-283.65883,404.51081,737.79772],[[-0.845666,0.180406,-0.502297,0],[0.292066,0.944142,-0.152621,0],[0.446706,-0.27577,-0.851119,0],[0,0,0,1]]],[[169.4213,356.82015,-498.64094],[[0.851486,0.138645,-0.505717,0],[0.488376,0.141508,0.861084,0],[0.190947,-0.98018,0.052781,0],[0,0,0,1]]],[[115.72571,-390.08328,888.06314],[[-0.573527,0.817696,0.049395,0],[0.285923,0.256321,-0.923335,0],[-0.767669,-0.515434,-0.380805,0],[0,0,0,1]]],[[-237.32897,216.26981,1.966325],[[-0.57185,-0.658268,0.489561,0],[-0.27461,-0.408736,-0.870359,0],[0.773031,-0.632153,0.052969,0],[0,0,0,1]]],[[-99.969988,-515.50944,598.81756],[[-0.342316,-0.899498,0.271521,0],[0.229116,0.200345,0.952559,0],[-0.911222,0.388286,0.137508,0],[0,0,0,1]]],[[-343.42748,88.727432,526.73342],[[-0.544841,-0.71794,0.433255,0],[-0.809203,0.585633,-0.047173,0],[-0.21986,-0.376293,-0.900036,0],[0,0,0,1]]],[[375.43649,73.857916,1099.6987],[[0.387086,-0.500547,-0.774349,0],[-0.609389,-0.769135,0.192552,0],[-0.69196,0.397346,-0.60275,0],[0,0,0,1]]],[[144.64697,-529.64372,160.92884],[[-0.292416,-0.245547,0.924229,0],[0.661561,0.645938,0.380921,0],[-0.690528,0.722822,-0.026438,0],[0,0,0,1]]],[[-181.16944,-174.68936,623.73758],[[0.383589,-0.765074,-0.517225,0],[-0.596392,0.222397,-0.77127,0],[0.705107,0.604319,-0.370974,0],[0,0,0,1]]],[[105.35365,359.91423,844.81891],[[0.20951,-0.696829,-0.685955,0],[0.850832,0.475628,-0.2233,0],[0.481862,-0.536849,0.692533,0],[0,0,0,1]]],[[253.5707,-136.42012,-46.873713],[[0.462694,0.885809,0.035449,0],[0.374215,-0.231405,0.898006,0],[0.803665,-0.402237,-0.438553,0],[0,0,0,1]]],[[106.20785,334.73531,12.986689],[[0.662166,0.164763,-0.731019,0],[0.417608,0.728863,0.542552,0],[0.622205,-0.664539,0.413822,0],[0,0,0,1]]],[[-203.07026,501.35474,596.52111],[[-0.929984,0.366193,0.032125,0],[-0.358742,-0.885035,-0.296678,0],[-0.080209,-0.287431,0.954437,0],[0,0,0,1]]],[[-8.421383,523.79793,-80.800983],[[0.033908,0.609293,-0.79222,0],[0.998158,0.019256,0.057532,0],[0.050309,-0.792711,-0.607518,0],[0,0,0,1]]],[[-261.1961,80.700698,604.74169],[[-0.369854,-0.373066,-0.850899,0],[0.246726,0.843521,-0.477073,0],[0.895731,-0.386387,-0.219934,0],[0,0,0,1]]],[[174.92895,-457.36289,690.3747],[[-0.193796,-0.859175,-0.473563,0],[-0.656575,-0.24508,0.713333,0],[-0.728939,0.449171,-0.516617,0],[0,0,0,1]]],[[44.274109,-220.18446,376.80273],[[-0.719574,-0.636651,-0.277287,0],[0.507371,-0.754651,0.416025,0],[-0.474117,0.158674,0.866046,0],[0,0,0,1]]],[[-347.60571,-391.43985,547.69709],[[-0.865301,-0.020877,-0.500818,0],[-0.346049,-0.69795,0.62699,0],[-0.362635,0.715843,0.596712,0],[0,0,0,1]]],[[321.34798,-560.13378,-259.78956],[[-0.410309,0.881106,0.235159,0],[-0.290266,0.118273,-0.949609,0],[-0.864519,-0.457892,0.207226,0],[0,0,0,1]]],[[-348.77388,415.81114,-306.58243],[[0.439152,-0.017533,0.898242,0],[0.170594,0.983247,-0.064211,0],[-0.882068,0.181433,0.434786,0],[0,0,0,1]]],[[-289.67286,520.45858,721.43052],[[0.380528,-0.919856,0.095205,0],[0.694288,0.216165,-0.686467,0],[0.61087,0.32732,0.720902,0],[0,0,0,1]]],[[-349.14206,-431.81504,773.99441],[[0.944925,-0.193697,-0.263813,0],[-0.095806,0.60705,-0.788868,0],[0.312949,0.770696,0.555059,0],[0,0,0,1]]],[[-17.473884,95.008939,316.05427],[[0.181182,-0.939008,-0.292298,0],[-0.75144,-0.323921,0.574815,0],[-0.634437,0.115499,-0.764297,0],[0,0,0,1]]],[[-168.95079,-483.12507,1097.8118],[[0.905875,0.398363,-0.143868,0],[0.362426,-0.904839,-0.223415,0],[-0.219177,0.150244,-0.964048,0],[0,0,0,1]]],[[-364.57087,578.10569,-1046.6799],[[0.812838,-0.531918,-0.2374,0],[-0.387154,-0.188839,-0.90247,0],[0.435209,0.825472,-0.359429,0],[0,0,0,1]]],[[164.90158,-310.24106,655.78426],[[-0.095151,0.501599,-0.859851,0],[0.071291,-0.858119,-0.508478,0],[-0.992907,-0.109682,0.045892,0],[0,0,0,1]]],[[365.67281,-427.61232,-313.05325],[[-0.932306,0.323886,0.160944,0],[0.194473,0.824133,-0.531964,0],[-0.304934,-0.464654,-0.831331,0],[0,0,0,1]]],[[209.0506,-598.87055,-333.14516],[[0.671197,0.709359,0.215185,0],[0.720682,-0.692403,0.034589,0],[0.173531,0.131864,-0.975961,0],[0,0,0,1]]],[[-68.813553,-472.85128,744.58946],[[0.060967,0.482952,0.873522,0],[-0.331716,0.835211,-0.438619,0],[-0.941407,-0.26302,0.211123,0],[0,0,0,1]]],[[227.93445,415.55189,-574.13334],[[-0.649699,-0.309155,-0.694488,0],[0.557346,-0.814991,-0.158603,0],[-0.516969,-0.490114,0.701805,0],[0,0,0,1]]],[[280.09584,-165.81653,884.7765],[[-0.388957,-0.043191,-0.920243,0],[-0.701422,0.661482,0.265422,0],[0.59726,0.748716,-0.287583,0],[0,0,0,1]]],[[120.07252,610.72737,-424.45114],[[-0.742011,-0.002924,-0.670382,0],[0.10874,-0.987273,-0.116053,0],[-0.66151,-0.15901,0.732885,0],[0,0,0,1]]],[[-254.46194,-529.45548,316.55447],[[-0.366306,0.906989,0.207825,0],[-0.30274,0.095028,-0.948324,0],[-0.879868,-0.410294,0.239772,0],[0,0,0,1]]],[[-291.43351,4.588263,747.5871],[[-0.606834,0.510089,0.609558,0],[-0.695273,-0.712291,-0.096107,0],[0.38516,-0.482131,0.786894,0],[0,0,0,1]]],[[52.242648,521.38314,799.84592],[[0.581557,-0.804655,-0.11967,0],[0.741512,0.584827,-0.328841,0],[0.33459,0.102503,0.936772,0],[0,0,0,1]]],[[215.30914,623.0521,-661.61566],[[-0.689103,-0.027223,0.724152,0],[-0.477077,-0.735145,-0.481622,0],[0.545467,-0.677363,0.493603,0],[0,0,0,1]]],[[-171.19111,467.17777,-103.78022],[[-0.46648,0.883955,-0.031918,0],[0.440055,0.263225,0.858524,0],[0.767299,0.386439,-0.511778,0],[0,0,0,1]]],[[-29.990581,500.92831,313.07045],[[-0.677862,-0.713089,-0.178909,0],[0.14564,-0.368775,0.918038,0],[-0.72062,0.596246,0.353833,0],[0,0,0,1]]],[[108.51764,-345.12498,605.96454],[[0.154962,-0.652693,0.741605,0],[0.179421,-0.719596,-0.670813,0],[0.971491,0.23701,0.005597,0],[0,0,0,1]]],[[-213.87664,45.664683,495.7548],[[0.012145,-0.353826,-0.935233,0],[-0.755398,-0.616058,0.223263,0],[-0.655153,0.703762,-0.274761,0],[0,0,0,1]]],[[-349.44478,612.45806,-460.82179],[[-0.200019,-0.183254,-0.962502,0],[-0.70013,-0.660486,0.271247,0],[-0.685427,0.728132,0.003808,0],[0,0,0,1]]],[[-234.70627,232.24479,55.71193],[[0.881078,0.165219,-0.443176,0],[-0.228327,-0.672009,-0.704465,0],[-0.414209,0.721878,-0.554368,0],[0,0,0,1]]],[[265.6925,-1.736766,940.53492],[[-0.432025,0.719769,-0.543404,0],[0.38578,-0.397137,-0.83274,0],[-0.815186,-0.569399,-0.106099,0],[0,0,0,1]]],[[106.17378,-328.82994,250.20449],[[0.172737,-0.261086,0.949735,0],[-0.049535,0.960706,0.273112,0],[-0.983722,-0.094222,0.153016,0],[0,0,0,1]]],[[283.10223,362.21488,643.57835],[[-0.33528,0.013952,0.942015,0],[-0.926432,0.176818,-0.332353,0],[-0.171202,-0.984145,-0.046358,0],[0,0,0,1]]],[[-50.263196,559.08557,69.865865],[[-0.761288,-0.032045,-0.647621,0],[-0.419289,-0.737536,0.529374,0],[-0.494608,0.674547,0.548042,0],[0,0,0,1]]],[[-344.72407,57.454519,627.71077],[[-0.045708,-0.356418,-0.933208,0],[-0.718048,-0.637739,0.278739,0],[-0.694491,0.682829,-0.226775,0],[0,0,0,1]]],[[276.38074,-583.82815,64.543877],[[-0.294523,-0.955403,0.021473,0],[-0.950781,0.295214,0.094151,0],[-0.096291,0.007313,-0.995326,0],[0,0,0,1]]],[[122.82222,-311.15564,749.48937],[[0.266838,-0.820392,0.505721,0],[0.790109,0.486694,0.372635,0],[-0.551839,0.300142,0.778067,0],[0,0,0,1]]],[[-90.814092,-585.13659,-44.235312],[[0.942021,-0.139277,-0.305282,0],[-0.306522,0.012996,-0.951775,0],[0.136528,0.990168,-0.030449,0],[0,0,0,1]]],[[362.64429,-188.46064,-176.97975],[[0.274748,-0.934558,0.226087,0],[-0.287115,0.144667,0.946909,0],[-0.917648,-0.325075,-0.228579,0],[0,0,0,1]]],[[286.7475,-343.74299,-92.167862],[[-0.938364,-0.097967,0.331475,0],[-0.165581,-0.71439,-0.679875,0],[0.303408,-0.692856,0.654136,0],[0,0,0,1]]],[[194.52507,-571.32756,413.65609],[[0.008305,0.576164,0.817292,0],[0.949484,-0.26095,0.174313,0],[0.313705,0.774558,-0.549226,0],[0,0,0,1]]],[[71.608324,-192.91282,583.01897],[[-0.93301,-0.297206,-0.202882,0],[-0.341364,0.55262,0.760317,0],[-0.113854,0.77864,-0.617055,0],[0,0,0,1]]],[[229.6303,500.02549,636.80417],[[0.366521,0.448407,0.815226,0],[-0.923056,0.285195,0.258133,0],[-0.11675,-0.84711,0.518434,0],[0,0,0,1]]],[[212.27486,7.800684,1037.0442],[[0.00586,0.999078,0.042521,0],[0.250265,0.039703,-0.967363,0],[-0.96816,0.01631,-0.249802,0],[0,0,0,1]]],[[-289.70436,-145.03822,545.94642],[[0.451145,0.842231,-0.295153,0],[-0.844526,0.509814,0.163908,0],[0.288522,0.175318,0.941286,0],[0,0,0,1]]],[[-346.03854,527.80467,-66.563668],[[0.047889,0.996514,0.068314,0],[-0.549348,-0.030843,0.835024,0],[0.83422,-0.077516,0.545956,0],[0,0,0,1]]],[[95.193155,-17.817231,528.96907],[[-0.389317,0.776227,-0.495888,0],[0.051852,-0.51904,-0.853176,0],[-0.919643,-0.357869,0.161822,0],[0,0,0,1]]],[[-31.786368,-337.61832,193.61889],[[-0.33933,-0.712576,-0.614077,0],[0.786968,0.142563,-0.600298,0],[0.515303,-0.686958,0.512398,0],[0,0,0,1]]],[[-90.52003,341.84509,27.876211],[[0.74478,-0.522076,-0.415619,0],[0.112169,-0.516022,0.849199,0],[-0.657816,-0.679086,-0.325762,0],[0,0,0,1]]],[[110.42543,272.07932,436.81072],[[0.651182,-0.136899,-0.746472,0],[0.682529,-0.324436,0.654901,0],[-0.331838,-0.935949,-0.117829,0],[0,0,0,1]]],[[88.681242,326.77173,430.99955],[[0.893904,-0.153256,0.421246,0],[0.130379,-0.810219,-0.571442,0],[0.428878,0.565736,-0.704277,0],[0,0,0,1]]],[[-142.82705,304.90088,-251.68559],[[-0.735869,0.619534,0.273265,0],[0.635852,0.770986,-0.035672,0],[-0.232783,0.147506,-0.961277,0],[0,0,0,1]]],[[-2.00936,-87.500117,294.27793],[[0.489756,0.373724,0.787699,0],[-0.137268,-0.859149,0.492971,0],[0.860986,-0.349562,-0.369473,0],[0,0,0,1]]],[[242.89198,-597.97936,113.97661]