{
 "recipe": "autoPACKserver/autoPACK_database_1.0.0/recipes/BloodPlasma1.2.xml",
 "exteriorRecipe": {
  "ext__HIV1_VPR_1esx_0_1_0": {
   "compNum": 0,
   "results": [
    [
     [
      -116.17865,
      339.58953,
      485.10856
     ],
     [
      [
       0.01980209,
       -0.6618994,
       -0.74933107,
       0
      ],
      [
       0.67971066,
       0.55854726,
       -0.4754139,
       0
      ],
      [
       0.733213,
       -0.49991413,
       0.46096048,
       0
      ],
      [
       0,
       0,
       0,
       1
      ]
     ]
    ],
    [
     [
      -74.428474,
      126.22074,
      -61.686012
     ],
     [
      [
       -0.32977284,
       -0.24380256,
       -0.91203629,
       0
      ],
      [
       0.94405682,
       -0.082534906,
       -0.31928782,
       0
      ],
      [
       0.0025683574,
       -0.96630653,
       0.25738124,
       0
      ],
      [
       0,
       0,
       0,
       1
      ]
     ]
    ],
    [
     [
      100.27651,
      57.118155,
      524.04166
     ],
     [
      [
       0.5838567,
       -0.20935489,
       0.78439906,
       0
      ],
      [
       0.51339513,
       0.84367533,
       -0.156963,
       0
      ],
      [
       -0.62891716,
       0.49435055,
       0.60006728,
       0
      ],
      [
       0,
       0,
       0,
       1
      ]
     ]
    ],
    [
     [
      -64.527618,
      561.76002,
      1097.2653
     ],
     [
      [
       -0.026109942,
       0.65555572,
       0.75469528,
       0
      ],
      [
       0.95399424,
       0.24191081,
       -0.17712749,
       0
      ],
      [
       -0.29868589,
       0.71535016,
       -0.63171266,
       0
      ],
      [
       0,
       0,
       0,
       1
      ]
     ]
    ],
    [
     [
      307.63179,
      -560.30909,
      -890.20152
     ],
     [
      [
       -0.32594141,
       0.8540351,
       -0.40544573,
       0
      ],
      [
       0.54036421,
       0.52020344,
       0.66135837,
       0
      ],
      [
       0.77573753,
       -0.0035242806,
       -0.63104585,
       0
      ],
      [
       0,
       0,
       0,
       1
      ]
     ]
    ],
    [
     [
      -68.74021,
      332.29677,
      705.04936
     ],
     [
      [
       0.46063557,
       0.020774187,
       0.88734621,
       0
      ],
      [
       -0.7943134,
       -0.43647433,
       0.42255932,
       0
      ],
      [
       0.39608217,
       -0.89947684,
       -0.18455439,
       0
      ],
      [
       0,
       0,
       0,
       1
      ]
     ]
    ],
    [
     [
      -12.303076,
      -349.64532,
      -36.094207
     ],
     [
      [
       -0.54318409,
       -0.7978884,
       0.26139079,
       0
      ],
      [
       -0.75594871,
       0.60022862,
       0.26127982,
       0
      ],
      [
       -0.36536637,
       -0.055674984,
       -0.92919735,
       0
      ],
      [
       0,
       0,
       0,
       1
      ]
     ]
    ],
    [
     [
      -274.60237,
      317.37802,
      498.48314
     ],
     [
      [
       0.70588523,
       -0.13135202,
       0.69604072,
       0
      ],
      [
       -0.29366001,
       0.83995924,
       0.45632475,
       0
      ],
      [
       -0.64458501,
       -0.52651223,
       0.55434198,
       0
      ],
      [
       0,
       0,
       0,
       1
      ]
     ]
    ],
    [
     [
      -339.22406,
      357.87749,
      -823.21996
     ],
     [
      [
       -0.83307836,
       -0.51140384,
       -0.21082353,
       0
      ],
      [
       0.55079914,
       -0.731781,
       -0.40139367,
       0
      ],
      [
       0.05099761,
       -0.4505138,
       0.89131171,
       0
      ],
      [
       0,
       0,
       0,
       1
      ]
     ]
    ],
    [
     [
      -204.76285,
      480.86002,
      558.84127
     ],
     [
      [
       0.64466744,
       0.60916949,
       -0.4618619,
       0
      ],
      [
       -0.75337809,
       0.40374671,
       -0.51904725,
       0
      ],
      [
       -0.12971252,
       0.6825695,
       0.71921731,
       0
      ],
      [
       0,
       0,
       0,
       1
      ]
     ]
    ],
    [
     [
      -346.06154,
      521.06771,
      -547.83019
     ],
     [
      [
       0.97741078,
       0.20722283,
       0.041555675,
       0
      ],
      [
       0.10883158,
       -0.32493286,
       -0.93945427,
       0
      ],
      [
       -0.18117357,
       0.9227553,
       -0.34014527,
       0
      ],
      [
       0,
       0,
       0,
       1
      ]
     ]
    ],
    [
     [
      170.6705,
      -250.67241,
      -81.568538
     ],
     [
      [
       0.13490355,
       -0.33262264,
       -0.93336124,
       0
      ],
      [
       -0.019892521,
       0.94087305,
       -0.3381748,
       0
      ],
      [
       0.99065903,
       0.064187889,
       0.12031041,
       0
      ],
      [
       0,
       0,
       0,
       1
      ]
     ]
    ],
    [
     [
      74.996903,
      83.514651,
      114.82088
     ],
     [
      [
       -0.54630934,
       0.82429258,
       0.14861983,
       0
      ],
      [
       0.62061331,
       0.27920891,
       0.73272198,
       0
      ],
      [
       0.56248131,
       0.4925283,
       -0.66410139,
       0
      ],
      [
       0,
       0,
       0,
       1
      ]
     ]
    ],
    [
     [
      347.88935,
      -23.181797,
      5.2100274
     ],
     [
      [
       -0.08069266,
       0.97205606,
       0.22044433,
       0
      ],
      [
       -0.75103784,
       -0.20470194,
       0.62772548,
       0
      ],
      [
       0.65530974,
       -0.1149092,
       0.74656883,
       0
      ],
      [
       0,
       0,
       0,
       1
      ]
     ]
    ],
    [
     [
      -49.88327,
      -373.82213,
      -743.02131
     ],
     [
      [
       0.45171689,
       0.77855036,
       -0.43567327,
       0
      ],
      [
       -0.68956707,
       0.6145307,
       0.38320919,
       0
      ],
      [
       0.56608225,
       0.12732387,
       0.81445658,
       0
      ],
      [
       0,
       0,
       0,
       1
      ]
     ]
    ],
    [
     [
      -237.92469,
      514.36247,
      60.302869
     ],
     [
      [
       -0.79000042,
       0.030552194,
       -0.6123446,
       0
      ],
      [
       0.60587374,
       -0.11405403,
       -0.7873428,
       0
      ],
      [
       -0.093895422,
       -0.99300465,
       0.071591962,
       0
      ],
      [
       0,
       0,
       0,
       1
      ]
     ]
    ],
    [
     [
      0.046436461,
      -594.21519,
      744.01604
     ],
     [
      [
       -0.16243988,
       0.32606636,
       -0.93128622,
       0
      ],
      [
       0.95845324,
       0.27642719,
       -0.070394493,
       0
      ],
      [
       0.23447956,
       -0.90402917,
       -0.35742216,
       0
      ],
      [
       0,
       0,
       0,
       1
      ]
     ]
    ],
    [
     [
      -43.380451,
      -392.30529,
      -984.7229
     ],
     [
      [
       -0.72025542,
       0.44684412,
       -0.5306246,
       0
      ],
      [
       0.59085436,
       -0.0056392403,
       -0.80675853,
       0
      ],
      [
       -0.36348762,
       -0.89459406,
       -0.2599581,
       0
      ],
      [
       0,
       0,
       0,
       1
      ]
     ]
    ],
    [
     [
      330.42861,
      300.8051,
      -1078.409
     ],
     [
      [
       -0.34318896,
       -0.8898574,
       -0.3006246,
       0
      ],
      [
       0.30786413,
       0.19581195,
       -0.93106249,
       0
      ],
      [
       0.88737873,
       -0.4120819,
       0.20675468,
       0
      ],
      [
       0,
       0,
       0,
       1
      ]
     ]
    ],
    [
     [
      347.28148,
      -126.69141,
      334.64169
     ],
     [
      [
       -0.81071174,
       0.54905398,
       0.20319005,
       0
      ],
      [
       -0.37116098,
       -0.21362082,
       -0.90366237,
       0
      ],
      [
       -0.4527538,
       -0.80802591,
       0.37697232,
       0
      ],
      [
       0,
       0,
       0,
       1
      ]
     ]
    ],
    [
     [
      18.35858,
      -63.431944,
      -867.17085
     ],
     [
      [
       0.98247224,
       0.062514979,
       0.1756137,
       0
      ],
      [
       -0.17302034,
       -0.044768266,
       0.98390028,
       0
      ],
      [
       0.069370426,
       -0.99703946,
       -0.033167216,
       0
      ],
      [
       0,
       0,
       0,
       1
      ]
     ]
    ],
    [
     [
      322.60173,
      377.92364,
      181.7995
     ],
     [
      [
       0.67426495,
       0.70312195,
       0.22580146,
       0
      ],
      [
       -0.73114782,
       0.59258381,
       0.33803444,
       0
      ],
      [
       0.10387314,
       -0.39301902,
       0.91364458,
       0
      ],
      [
       0,
       0,
       0,
       1
      ]
     ]
    ],
    [
     [
      112.75923,
      -364.6051,
      -203.68432
     ],
     [
      [
       -0.072419883,
       -0.82647817,
       -0.55829132,
       0
      ],
      [
       -0.95845476,
       0.21251297,
       -0.1902701,
       0
      ],
      [
       0.27589823,
       0.52131764,
       -0.8075321,
       0
      ],
      [
       0,
       0,
       0,
       1
      ]
     ]
    ],
    [
     [
      -64.376342,
      589.82732,
      502.29023
     ],
     [
      [
       0.35853101,
       0.69057294,
       0.62814372,
       0
      ],
      [
       0.83115372,
       -0.54249274,
       0.1220046,
       0
      ],
      [
       0.42501648,
       0.47834156,
       -0.76847274,
       0
      ],
      [
       0,
       0,
       0,
       1
      ]
     ]
    ],
    [
     [
      -43.477546,
      -51.96661,
      -536.76062
     ],
     [
      [
       0.64544047,
       0.71200217,
       -0.27651313,
       0
      ],
      [
       -0.73438271,
       0.47896097,
       -0.48091415,
       0
      ],
      [
       -0.20997292,
       0.51346792,
       0.83202288,
       0
      ],
      [
       0,
       0,
       0,
       1
      ]
     ]
    ],
    [
     [
      -150.99708,
      133.43819,
      -278.95549
     ],
     [
      [
       0.84765559,
       -0.32824691,
       0.41681408,
       0
      ],
      [
       -0.46885585,
       -0.83114479,
       0.2989524,
       0
      ],
      [
       0.24830265,
       -0.44883439,
       -0.858425,
       0
      ],
      [
       0,
       0,
       0,
       1
      ]
     ]
    ],
    [
     [
      333.00866,
      -356.87287,
      -821.15748
     ],
     [
      [
       -0.15665162,
       0.79165205,
       -0.59054831,
       0
      ],
      [
       -0.041749703,
       0.59208816,
       0.80479101,
       0
      ],
      [
       0.98677111,
       0.15072704,
       -0.059700334,
       0
      ],
      [
       0,
       0,
       0,
       1
      ]
     ]
    ],
    [
     [
      -125.8591,
      -505.34418,
      751.86157
     ],
     [
      [
       0.78667591,
       -0.31263024,
       -0.53235641,
       0
      ],
      [
       -0.11571128,
       -0.92168615,
       0.37027766,
       0
      ],
      [
       -0.60642553,
       -0.22968887,
       -0.76124313,
       0
      ],
      [
       0,
       0,
       0,
       1
      ]
     ]
    ],
    [
     [
      201.95328,
      386.28819,
      -616.57872
     ],
     [
      [
       -0.74632659,
       -0.27994364,
       0.6038445,
       0
      ],
      [
       -0.6621677,
       0.22054768,
       -0.71616524,
       0
      ],
      [
       0.067309405,
       -0.93433949,
       -0.34997023,
       0
      ],
      [
       0,
       0,
       0,
       1
      ]
     ]
    ],
    [
     [
      24.697455,
      177.47732,
      104.40806
     ],
     [
      [
       -0.44220832,
       0.83902849,
       -0.31699053,
       0
      ],
      [
       0.30232153,
       0.47217705,
       0.82804017,
       0
      ],
      [
       0.84442495,
       0.27033319,
       -0.46245699,
       0
      ],
      [
       0,
       0,
       0,
       1
      ]
     ]
    ],
    [
     [
      -58.660088,
      207.05674,
      -117.48701
     ],
     [
      [
       0.41058506,
       -0.91089294,
       0.04115776,
       0
      ],
      [
       0.8885258,
       0.40982513,
       0.20631351,
       0
      ],
      [
       -0.204797,
       -0.048139511,
       0.97761995,
       0
      ],
      [
       0,
       0,
       0,
       1
      ]
     ]
    ],
    [
     [
      346.44661,
      23.253781,
      341.33284
     ],
     [
      [
       0.84867938,
       -0.36821548,
       -0.37968496,
       0
      ],
      [
       -0.50726835,
       -0.76989827,
       -0.38721502,
       0
      ],
      [
       -0.14974023,
       0.52122356,
       -0.84018085,
       0
      ],
      [
       0,
       0,
       0,
       1
      ]
     ]
    ],
    [
     [
      -2.8726503,
      -484.86682,
      -1061.3343
     ],
     [
      [
       0.63934792,
       -0.36586148,
       -0.67629847,
       0
      ],
      [
       -0.029391435,
       -0.8905316,
       0.45397095,
       0
      ],
      [
       -0.76835564,
       -0.270368,
       -0.58011271,
       0
      ],
      [
       0,
       0,
       0,
       1
      ]
     ]
    ],
    [
     [
      -281.2588,
      -367.48992,
      -717.30886
     ],
     [
      [
       -0.50911489,
       0.61355714,
       -0.60361384,
       0
      ],
      [
       0.65970246,
       -0.17225858,
       -0.73151873,
       0
      ],
      [
       -0.5528062,
       -0.77063261,
       -0.31706574,
       0
      ],
      [
       0,
       0,
       0,
       1
      ]
     ]
    ],
    [
     [
      97.345515,
      329.66309,
      -935.66896
     ],
     [
      [
       0.25959289,
       0.96317142,
       0.070088128,
       0
      ],
      [
       0.39073504,
       -0.17112605,
       0.90445674,
       0
      ],
      [
       0.88314079,
       -0.20740465,
       -0.42076793,
       0
      ],
      [
       0,
       0,
       0,
       1
      ]
     ]
    ],
    [
     [
      273.04512,
      -117.68725,
      -797.21745
     ],
     [
      [
       -0.46223891,
       -0.23362388,
       -0.85542684,
       0
      ],
      [
       -0.20318051,
       -0.91110327,
       0.35862029,
       0
      ],
      [
       -0.86316445,
       0.33957431,
       0.37367956,
       0
      ],
      [
       0,
       0,
       0,
       1
      ]
     ]
    ],
    [
     [
      -67.114952,
      274.03979,
      76.410324
     ],
     [
      [
       -0.19740479,
       -0.86110148,
       -0.46854626,
       0
      ],
      [
       0.46483063,
       0.33858813,
       -0.8181018,
       0
      ],
      [
       0.86311287,
       -0.37929187,
       0.33342743,
       0
      ],
      [
       0,
       0,
       0,
       1
      ]
     ]
    ],
    [
     [
      118.33258,
      364.30191,
      -99.085779
     ],
     [
      [
       0.56330494,
       -0.82435417,
       0.055926319,
       0
      ],
      [
       0.062358424,
       0.10991003,
       0.99198347,
       0
      ],
      [
       -0.82389257,
       -0.55530171,
       0.11331829,
       0
      ],
      [
       0,
       0,
       0,
       1
      ]
     ]
    ],
    [
     [
      -182.49551,
      267.51665,
      856.09323
     ],
     [
      [
       -0.853399,
       -0.52056441,
       -0.02688551,
       0
      ],
      [
       0.048310934,
       -0.13034503,
       0.99029098,
       0
      ],
      [
       -0.51901464,
       0.84381447,
       0.13638527,
       0
      ],
      [
       0,
       0,
       0,
       1
      ]
     ]
    ],
    [
     [
      -14.173785,
      252.18705,
      -482.53308
     ],
     [
      [
       -0.31771218,
       0.94373967,
       -0.091730042,
       0
      ],
      [
       -0.7319852,
       -0.18262459,
       0.65638855,
       0
      ],
      [
       0.60270775,
       0.27568767,
       0.74882553,
       0
      ],
      [
       0,
       0,
       0,
       1
      ]
     ]
    ],
    [
     [
      348.6109,
      -384.95158,
      -568.70794
     ],
     [
      [
       0.88794395,
       0.40057656,
       0.22603971,
       0
      ],
      [
       -0.17461549,
       0.74823242,
       -0.64004506,
       0
      ],
      [
       -0.42551729,
       0.5288541,
       0.73433533,
       0
      ],
      [
       0,
       0,
       0,
       1
      ]
     ]
    ],
    [
     [
      -58.434059,
      17.78335,
      470.3501
     ],
     [
      [
       -0.82997504,
       -0.010283338,
       -0.55770573,
       0
      ],
      [
       -0.028315902,
       0.99931771,
       0.023713528,
       0
      ],
      [
       0.55708135,
       0.035473578,
       -0.82969994,
       0
      ],
      [
       0,
       0,
       0,
       1
      ]
     ]
    ],
    [
     [
      252.88635,
      -575.46613,
      598.44492
     ],
     [
      [
       0.47649557,
       -0.72094918,
       -0.50317418,
       0
      ],
      [
       0.8524863,
       0.51882832,
       0.063908474,
       0
      ],
      [
       0.21498625,
       -0.4594012,
       0.86181869,
       0
      ],
      [
       0,
       0,
       0,
       1
      ]
     ]
    ],
    [
     [
      332.81059,
      -560.70446,
      -218.55653
     ],
     [
      [
       -0.53757893,
       0.46813129,
       0.70132873,
       0
      ],
      [
       0.83479691,
       0.17824925,
       0.52090434,
       0
      ],
      [
       0.1188403,
       0.86549425,
       -0.4866176,
       0
      ],
      [
       0,
       0,
       0,
       1
      ]
     ]
    ],
    [
     [
      232.3962,
      426.51419,
      497.14051
     ],
     [
      [
       -0.64157776,
       0.64132877,
       0.42080325,
       0
      ],
      [
       -0.61070739,
       -0.095137218,
       -0.78612047,
       0
      ],
      [
       -0.46412762,
       -0.76134507,
       0.45270215,
       0
      ],
      [
       0,
       0,
       0,
       1
      ]
     ]
    ],
    [
     [
      325.6562,
      -297.72831,
      983.0823
     ],
     [
      [
       -0.17156065,
       0.91544443,
       0.36404457,
       0
      ],
      [
       -0.88162242,
       0.022251511,
       -0.47143058,
       0
      ],
      [
       -0.43966903,
       -0.40182879,
       0.80325884,
       0
      ],
      [
       0,
       0,
       0,
       1
      ]
     ]
    ],
    [
     [
      179.53887,
      -0.84379652,
      -233.88898
     ],
     [
      [
       -0.75003935,
       -0.30237636,
       0.58822573,
       0
      ],
      [
       0.40042349,
       0.50025293,
       0.76772914,
       0
      ],
      [
       -0.52640479,
       0.81136647,
       -0.25413079,
       0
      ],
      [
       0,
       0,
       0,
       1
      ]
     ]
    ],
    [
     [
      -283.16066,
      -114.99265,
      -285.38813
     ],
     [
      [
       -0.52580939,
       -0.35323942,
       -0.77378705,
       0
      ],
      [
       0.42447539,
       -0.89729392,
       0.12117861,
       0
      ],
      [
       -0.73711948,
       -0.26473671,
       0.62174701,
       0
      ],
      [
       0,
       0,
       0,
       1
      ]
     ]
    ],
    [
     [
      310.83851,
      373.97799,
      481.67761
     ],
     [
      [
       0.75276841,
       0.20194894,
       0.62654318,
       0
      ],
      [
       0.071214014,
       0.92121186,
       -0.38248827,
       0
      ],
      [
       -0.6544221,
       0.33254374,
       0.67907759,
       0
      ],
      [
       0,
       0,
       0,
       1
      ]
     ]
    ],
    [
     [
      270.71244,
      -570.55608,
      204.88286
     ],
     [
      [
       0.015720189,
       -0.81808788,
       -0.57487833,
       0
      ],
      [
       -0.88749301,
       -0.27624379,
       0.36884351,
       0
      ],
      [
       -0.46055297,
       0.50440221,
       -0.73038988,
       0
      ],
      [
       0,
       0,
       0,
       1
      ]
     ]
    ],
    [
     [
      74.52419,
      488.72239,
      -429.47833
     ],
     [
      [
       -0.14981035,
       -0.7581178,
       -0.6346765,
       0
      ],
      [
       0.96882083,
       0.015563583,
       -0.24727309,
       0
      ],
      [
       0.19733997,
       -0.65193187,
       0.73214873,
       0
      ],
      [
       0,
       0,
       0,
       1
      ]
     ]
    ],
    [
     [
      265.74081,
      424.30372,
      1082.1285
     ],
     [
      [
       0.53850895,
       0.79410918,
       0.28177779,
       0
      ],
      [
       0.31944582,
       0.11704296,
       -0.9403485,
       0
      ],
      [
       -0.77971949,
       0.59639882,
       -0.19064618,
       0
      ],
      [
       0,
       0,
       0,
       1
      ]
     ]
    ],
    [
     [
      323.05697,
      -202.06491,
      -263.34057
     ],
     [
      [
       -0.93230642,
       0.32388558,
       0.16094369,
       0
      ],
      [
       0.1944731,
       0.82413277,
       -0.53196371,
       0
      ],
      [
       -0.30493434,
       -0.46465397,
       -0.8313313,
       0
      ],
      [
       0,
       0,
       0,
       1
      ]
     ]
    ],
    [
     [
      59.215588,
      -359.94942,
      464.55316
     ],
     [
      [
       -0.20270253,
       -0.16097069,
       0.96591931,
       0
      ],
      [
       0.90020599,
       -0.41885809,
       0.11910949,
       0
      ],
      [
       0.38540998,
       0.89367015,
       0.22981037,
       0
      ],
      [
       0,
       0,
       0,
       1
      ]
     ]
    ],
    [
     [
      235.91186,
      514.32747,
      811.44953
     ],
     [
      [
       -0.48352994,
       -0.59363337,
       -0.6432715,
       0
      ],
      [
       -0.83276816,
       0.085613901,
       0.54696201,
       0
      ],
      [
       -0.26962192,
       0.80016853,
       -0.53575586,
       0
      ],
      [
       0,
       0,
       0,
       1
      ]
     ]
    ],
    [
     [
      32.007006,
      -464.51713,
      305.00052
     ],
     [
      [
       -0.92771123,
       -0.25454554,
       0.27305393,
       0
      ],
      [
       -0.060120116,
       0.82379311,
       0.56369361,
       0
      ],
      [
       -0.36842564,
       0.50652886,
       -0.77954542,
       0
      ],
      [
       0,
       0,
       0,
       1
      ]
     ]
    ],
    [
     [
      -207.20527,
      -148.58706,
      162.00289
     ],
     [
      [
       -0.64969898,
       -0.3091554,
       -0.69448842,
       0
      ],
      [
       0.55734563,
       -0.81499139,
       -0.15860293,
       0
      ],
      [
       -0.51696913,
       -0.49011425,
       0.70180548,
       0
      ],
      [
       0,
       0,
       0,
       1
      ]
     ]
    ],
    [
     [
      256.7448,
      -114.37421,
      896.27162
     ],
     [
      [
       -0.59884219,
       -0.79244292,
       -0.11585444,
       0
      ],
      [
       -0.73549464,
       0.4869308,
       0.47111148,
       0
      ],
      [
       -0.31691586,
       0.36733175,
       -0.87443223,
       0
      ],
      [
       0,
       0,
       0,
       1
      ]
     ]
    ],
    [
     [
      304.72,
      410.17986,
      30.089803
     ],
     [
      [
       -0.1078795,
       0.95113523,
       0.28931609,
       0
      ],
      [
       -0.61961375,
       -0.2919056,
       0.72860821,
       0
      ],
      [
       0.77745791,
       -0.10066234,
       0.6208271,
       0
      ],
      [
       0,
       0,
       0,
       1
      ]
     ]
    ],
    [
     [
      -133.84055,
      -243.46964,
      -936.12773
     ],
     [
      [
       -0.34027698,
       -0.86960947,
       0.35775823,
       0
      ],
      [
       -0.058482672,
       -0.360154,
       -0.93105793,
       0
      ],
      [
       0.93850485,
       -0.33774023,
       0.07169503,
       0
      ],
      [
       0,
       0,
       0,
       1
      ]
     ]
    ],
    [
     [
      118.47761,
      476.31388,
      892.69514
     ],
     [
      [
       -0.50998835,
       -0.78598801,
       0.3494778,
       0
      ],
      [
       -0.71461693,
       0.16100013,
       -0.68073607,
       0
      ],
      [
       0.47878442,
       -0.59691022,
       -0.64378853,
       0
      ],
      [
       0,
       0,
       0,
       1
      ]
     ]
    ],
    [
     [
      -128.34686,
      565.36852,
      -1072.0934
     ],
     [
      [
       -0.65859189,
       0.71155658,
       0.24483454,
       0
      ],
      [
       -0.18071734,
       -0.46539838,
       0.86645577,
       0
      ],
      [
       0.7304779,
       0.52639489,
       0.43509821,
       0
      ],
      [
       0,
       0,
       0,
       1
      ]
     ]
    ],
    [
     [
      349.74528,
      -486.66515,
      -195.52607
     ],
     [
      [
       -0.67786158,
       -0.71308852,
       -0.17890903,
       0
      ],
      [
       0.14564039,
       -0.36877514,
       0.918038,
       0
      ],
      [
       -0.72061956,
       0.59624631,
       0.35383299,
       0
      ],
      [
       0,
       0,
       0,
       1
      ]
     ]
    ],
    [
     [
      -330.64179,
      253.51362,
      -428.72838
     ],
     [
      [
       -0.97166854,
       0.20398049,
       0.1193826,
       0
      ],
      [
       0.1568412,
       0.93436669,
       -0.31993707,
       0
      ],
      [
       -0.17680804,
       -0.29214868,
       -0.93988726,
       0
      ],
      [
       0,
       0,
       0,
       1
      ]
     ]
    ],
    [
     [
      247.30592,
      595.2638,
      -1040.8738
     ],
     [
      [
       -0.37618045,
       0.62582121,
       -0.68325403,
       0
      ],
      [
       -0.47976444,
       -0.7624298,
       -0.43419683,
       0
      ],
      [
       -0.79266282,
       0.16446463,
       0.58705795,
       0
      ],
      [
       0,
       0,
       0,
       1
      ]
     ]
    ],
    [
     [
      -333.29915,
      355.46097,
      -620.58597
     ],
     [
      [
       0.2056053,
       0.97486759,
       -0.08578833,
       0
      ],
      [
       -0.12176922,
       -0.061495477,
       -0.99065158,
       0
      ],
      [
       -0.97102972,
       0.2141296,
       0.10606507,
       0
      ],
      [
       0,
       0,
       0,
       1
      ]
     ]
    ],
    [
     [
      261.92439,
      61.256857,
      -96.19629
     ],
     [
      [
       0.82970931,
       -0.53647453,
       -0.15419969,
       0
      ],
      [
       0.53734304,
       0.84243374,
       -0.039596209,
       0
      ],
      [
       0.15114538,
       -0.050004785,
       0.98724597,
       0
      ],
      [
       0,
       0,
       0,
       1
      ]
     ]
    ],
    [
     [
      95.581667,
      181.53073,
      -841.04127
     ],
     [
      [
       0.58504139,
       -0.63196124,
       0.50828296,
       0
      ],
      [
       0.051573687,
       -0.59647411,
       -0.80097365,
       0
      ],
      [
       0.80936193,
       0.49481676,
       -0.31636947,
       0
      ],
      [
       0,
       0,
       0,
       1
      ]
     ]
    ],
    [
     [
      151.69034,
      94.079272,
      467.79118
     ],
     [
      [
       -0.036298607,
       -0.99836604,
       -0.044132347,
       0
      ],
      [
       0.90851271,
       -0.014571752,
       -0.41760306,
       0
      ],
      [
       0.41627762,
       -0.055253208,
       0.90755717,
       0
      ],
      [
       0,
       0,
       0,
       1
      ]
     ]
    ],
    [
     [
      20.234132,
      -177.79528,
      189.64363
     ],
     [
      [
       0.44794573,
       0.87154242,
       -0.19939515,
       0
      ],
      [
       0.72416286,
       -0.22288879,
       0.65261684,
       0
      ],
      [
       0.52434032,
       -0.43673149,
       -0.73098074,
       0
      ],
      [
       0,
       0,
       0,
       1
      ]
     ]
    ],
    [
     [
      -257.46345,
      99.945301,
      910.57045
     ],
     [
      [
       0.64270448,
       0.23910252,
       0.72784678,
       0
      ],
      [
       0.59854466,
       0.4362977,
       -0.6718546,
       0
      ],
      [
       -0.47820001,
       0.86745276,
       0.13729695,
       0
      ],
      [
       0,
       0,
       0,
       1
      ]
     ]
    ],
    [
     [
      148.59387,
      -471.5992,
      1091.2832
     ],
     [
      [
       0.90771848,
       -0.27842272,
       -0.31389162,
       0
      ],
      [
       0.40334394,
       0.78512669,
       0.46998909,
       0
      ],
      [
       0.11558905,
       -0.55322406,
       0.82497412,
       0
      ],
      [
       0,
       0,
       0,
       1
      ]
     ]
    ],
    [
     [
      -122.98534,
      155.72202,
      -75.005922
     ],
     [
      [
       -0.66386941,
       -0.60197805,
       -0.44373397,
       0
      ],
      [
       -0.35083304,
       0.77469425,
       -0.5260846,
       0
      ],
      [
       0.66044953,
       -0.19357493,
       -0.7254896,
       0
      ],
      [
       0,
       0,
       0,
       1
      ]
     ]
    ],
    [
     [
      -227.56504,
      366.09355,
      -1046.6375
     ],
     [
      [
       0.2533969,
       -0.13674425,
       0.95764869,
       0
      ],
      [
       -0.6857374,
       -0.72364481,
       0.078117861,
       0
      ],
      [
       0.68231534,
       -0.67649035,
       -0.27714,
       0
      ],
      [
       0,
       0,
       0,
       1
      ]
     ]
    ],
    [
     [
      263.75631,
      312.43493,
      225.31596
     ],
     [
      [
       0.59047899,
       -0.21960871,
       0.77659937,
       0
      ],
      [
       -0.74458648,
       -0.51944333,
       0.41924885,
       0
      ],
      [
       0.31132866,
       -0.82580303,
       -0.47023805,
       0
      ],
      [
       0,
       0,
       0,
       1
      ]
     ]
    ],
    [
     [
      263.65754,
      542.66992,
      -966.74052
     ],
     [
      [
       -0.82528603,
       0.55976521,
       0.074604803,
       0
      ],
      [
       -0.40322858,
       -0.6766128,
       0.61611836,
       0
      ],
      [
       0.39536019,
       0.47839109,
       0.78411242,
       0
      ],
      [
       0,
       0,
       0,
       1
      ]
     ]
    ],
    [
     [
      -58.167334,
      144.95847,
      530.23227
     ],
     [
      [
       -0.74359638,
       -0.49564055,
       -0.44878154,
       0
      ],
      [
       -0.18791325,
       0.79905872,
       -0.57113376,
       0
      ],
      [
       0.64167985,
       -0.340361,
       -0.6873146,
       0
      ],
      [
       0,
       0,
       0,
       1
      ]
     ]
    ],
    [
     [
      -155.53287,
      300.3854,
      249.73578
     ],
     [
      [
       -0.85446256,
       -0.18697428,
       0.48470027,
       0
      ],
      [
       0.29905107,
       -0.93993256,
       0.16460632,
       0
      ],
      [
       0.42480841,
       0.28560008,
       0.85905204,
       0
      ],
      [
       0,
       0,
       0,
       1
      ]
     ]
    ],
    [
     [
      38.091386,
      521.24803,
      -524.93849
     ],
     [
      [
       -0.63286688,
       0.7705048,
       0.076169933,
       0
      ],
      [
       0.1182166,
       -0.0010647641,
       0.99298726,
       0
      ],
      [
       0.76518256,
       0.6374333,
       -0.0904126,
       0
      ],
      [
       0,
       0,
       0,
       1
      ]
     ]
    ],
    [
     [
      -331.73966,
      -510.61946,
      -128.35377
     ],
     [
      [
       0.81565185,
       -0.52925215,
       -0.23367548,
       0
      ],
      [
       -0.57343353,
       -0.6860082,
       -0.44784677,
       0
      ],
      [
       0.076720571,
       0.4992844,
       -0.86303479,
       0
      ],
      [
       0,
       0,
       0,
       1
      ]
     ]
    ],
    [
     [
      289.50265,
      538.11803,
      -354.90242
     ],
     [
      [
       -0.53988202,
       0.71563799,
       -0.44315875,
       0
      ],
      [
       0.13914255,
       0.59511049,
       0.7915067,
       0
      ],
      [
       0.83016068,
       0.365658,
       -0.42086515,
       0
      ],
      [
       0,
       0,
       0,
       1
      ]
     ]
    ],
    [
     [
      -218.88221,
      -196.40563,
      -916.54467
     ],
     [
      [
       -0.057328988,
       0.77418305,
       0.63036021,
       0
      ],
      [
       -0.027058407,
       0.6299618,
       -0.77615461,
       0
      ],
      [
       -0.99798859,
       -0.061552701,
       -0.015166913,
       0
      ],
      [
       0,
       0,
       0,
       1
      ]
     ]
    ],
    [
     [
      162.2118,
      -119.55606,
      -427.21374
     ],
     [
      [
       -0.43495152,
       0.88249869,
       -0.17892246,
       0
      ],
      [
       0.40808894,
       0.016066131,
       -0.9128008,
       0
      ],
      [
       -0.80267092,
       -0.47004037,
       -0.36712594,
       0
      ],
      [
       0,
       0,
       0,
       1
      ]
     ]
    ],
    [
     [
      84.489725,
      87.594987,
      -464.72
     ],
     [
      [
       0.33047311,
       0.57233747,
       0.75047808,
       0
      ],
      [
       -0.83649613,
       -0.1906424,
       0.51374088,
       0
      ],
      [
       0.4371061,
       -0.79754955,
       0.4157559,
       0
      ],
      [
       0,
       0,
       0,
       1
      ]
     ]
    ],
    [
     [
      161.39699,
      -39.088048,
      -1098.2017
     ],
     [
      [
       0.2719378,
       -0.3555226,
       -0.89423348,
       0
      ],
      [
       0.67704153,
       -0.58968119,
       0.44033039,
       0
      ],
      [
       -0.68386007,
       -0.72517568,
       0.080346956,
       0
      ],
      [
       0,
       0,
       0,
       1
      ]
     ]
    ],
    [
     [
      -68.815945,
      159.36314,
      -1084.4083
     ],
     [
      [
       -0.058242919,
       0.86540458,
       0.49767729,
       0
      ],
      [
       0.012537354,
       -0.49785017,
       0.86717243,
       0
      ],
      [
       0.99822371,
       0.05674621,
       0.018146364,
       0
      ],
      [
       0,
       0,
       0,
       1
      ]
     ]
    ],
    [
     [
      251.70756,
      -492.35179,
      952.89794
     ],
     [
      [
       -0.29214929,
       -0.50446761,
       0.81250306,
       0
      ],
      [
       0.14876593,
       -0.86319721,
       -0.48245132,
       0
      ],
      [
       0.94473144,
       -0.020075035,
       0.32723005,
       0
      ],
      [
       0,
       0,
       0,
       1
      ]
     ]
    ],
    [
     [
      -160.0272,
      -272.74241,
      602.87527
     ],
     [
      [
       -0.81082526,
       0.42910286,
       -0.3980366,
       0
      ],
      [
       0.5374534,
       0.27659595,
       -0.79664203,
       0
      ],
      [
       -0.23174606,
       -0.85986361,
       -0.45489377,
       0
      ],
      [
       0,
       0,
       0,
       1
      ]
     ]
    ],
    [
     [
      143.78944,
      -115.84411,
      -54.322154
     ],
     [
      [
       -0.27121274,
       0.77816785,
       -0.56647899,
       0
      ],
      [
       -0.30832912,
       0.48728514,
       0.81699837,
       0
      ],
      [
       0.91179866,
       0.39624234,
       0.10777388,
       0
      ],
      [
       0,
       0,
       0,
       1
      ]
     ]
    ],
    [
     [
      50.307052,
      280.37364,
      379.38426
     ],
     [
      [
       0.90607761,
       -0.042738549,
       0.42094747,
       0
      ],
      [
       -0.41918348,
       0.044576833,
       0.90680655,
       0
      ],
      [
       -0.057520101,
       -0.99809134,
       0.022474776,
       0
      ],
      [
       0,
       0,
       0,
       1
      ]
     ]
    ],
    [
     [
      -65.619124,
      275.58188,
      305.64403
     ],
     [
      [
       0.3928923,
       -0.32507704,
       0.8602096,
       0
      ],
      [
       0.22203314,
       -0.87422194,
       -0.43178383,
       0
      ],
      [
       0.89237712,
       0.36063958,
       -0.27129719,
       0
      ],
      [
       0,
       0,
       0,
       1
      ]
     ]
    ],
    [
     [
      -37.443751,
      -313.45268,
      625.97604
     ],
     [
      [
       0.8848821,
       0.22124415,
       0.40992035,
       0
      ],
      [
       0.027407466,
       0.85375353,
       -0.51995552,
       0
      ],
      [
       -0.46500806,
       0.47133421,
       0.74940748,
       0
      ],
      [
       0,
       0,
       0,
       1
      ]
     ]
    ],
    [
     [
      -159.93291,
      243.79569,
      1016.1925
     ],
     [
      [
       -0.85882097,
       0.14578341,
       -0.49109442,
       0
      ],
      [
       -0.47492845,
       -0.58591287,
       0.65661943,
       0
      ],
      [
       -0.19201433,
       0.79715325,
       0.57243095,
       0
      ],
      [
       0,
       0,
       0,
       1
      ]
     ]
    ],
    [
     [
      -312.65011,
      -307.74158,
      -901.47942
     ],
     [
      [
       0.19008145,
       -0.12068739,
       0.97432212,
       0
      ],
      [
       -0.33621566,
       -0.94040886,
       -0.050893979,
       0
      ],
      [
       0.92240342,
       -0.31790836,
       -0.21933127,
       0
      ],
      [
       0,
       0,
       0,
       1
      ]
     ]
    ],
    [
     [
      157.09165,
      403.80164,
      -932.64937
     ],
     [
      [
       -0.31138754,
       -0.51458087,
       -0.79890195,
       0
      ],
      [
       0.32776573,
       -0.84726735,
       0.41798046,
       0
      ],
      [
       -0.89196829,
       -0.13169878,
       0.43249047,
       0
      ],
      [
       0,
       0,
       0,
       1
      ]
     ]
    ],
    [
     [
      -122.67963,
      89.968481,
      -1013.2245
     ],
     [
      [
       -0.29999817,
       -0.62386837,
       0.72165737,
       0
      ],
      [
       -0.94391963,
       0.30349531,
       -0.13002436,
       0
      ],
      [
       -0.13790154,
       -0.72019362,
       -0.67992963,
       0
      ],
      [
       0,
       0,
       0,
       1
      ]
     ]
    ],
    [
     [
      217.84263,
      383.60078,
      -868.12797
     ],
     [
      [
       -0.28866775,
       0.42460143,
       0.85812852,
       0
      ],
      [
       -0.87445979,
       0.24803749,
       -0.41689025,
       0
      ],
      [
       -0.38986024,
       -0.87074166,
       0.29969645,
       0
      ],
      [
       0,
       0,
       0,
       1
      ]
     ]
    ],
    [
     [
      -290.26659,
      308.6166,
      359.04293
     ],
     [
      [
       -0.37282747,
       0.85047098,
       -0.37107788,
       0
      ],
      [
       -0.58614384,
       -0.52587844,
       -0.61634995,
       0
      ],
      [
       -0.7193296,
       -0.012287177,
       0.69456026,
       0
      ],
      [
       0,
       0,
       0,
       1
      ]
     ]
    ],
    [
     [
      -67.220581,
      422.21728,
      706.09719
     ],
     [
      [
       -0.22928239,
       0.53086649,
       0.81584947,
       0
      ],
      [
       0.024108812,
       -0.83482413,
       0.54998858,
       0
      ],
      [
       0.97306133,
       0.14577186,
       0.17861191,
       0
      ],
      [
       0,
       0,
       0,
       1
      ]
     ]
    ],
    [
     [
      158.0267,
      -257.45821,
      -264.92124
     ],
     [
      [
