{"recipe":{"setupfile":"HIV-1_0.1.6-6.json","paths":[["autoPACKserver","https://raw.githubusercontent.com/mesoscope/cellPACK_data/master/cellPACK_database_1.1.0"]],"version":"1.6","name":"HIV"},"compartments":{"HIV1_envelope_Pack_145_0_2_0":{"surface":{"ingredients":{"HIV1_MA_Hyb_0_1_0":{"compNum":1,"results":[[[165.5433,31.897445,-705.44002],[[0.702909,0.234258,-0.671597,0],[0.692629,-0.010625,0.721215,0],[0.161814,-0.972117,-0.169722,0],[0,0,0,1]]],[[164.46696,-39.092623,-705.33901],[[-0.373103,0.352972,0.858024,0],[-0.923475,-0.052194,-0.380092,0],[-0.089379,-0.934177,0.345434,0],[0,0,0,1]]],[[670.75801,67.737634,268.30413],[[-0.182833,0.911961,-0.367288,0],[-0.829496,0.057445,0.55555,0],[0.527739,0.406236,0.745965,0],[0,0,0,1]]],[[-209.80825,609.68217,-331.87661],[[-0.225047,-0.240632,0.944166,0],[-0.435557,0.891658,0.123433,0],[-0.871575,-0.38346,-0.305474,0],[0,0,0,1]]],[[65.351742,720.80408,52.100561],[[-0.760788,-0.064934,0.645744,0],[-0.00613,0.995657,0.092897,0],[-0.648972,0.066716,-0.757882,0],[0,0,0,1]]],[[716.36181,-86.753154,-73.962692],[[-0.131035,0.986823,0.094917,0],[-0.976088,-0.145172,0.161793,0],[0.17344,-0.071447,0.982249,0],[0,0,0,1]]],[[274.35307,186.57083,-644.27645],[[-0.859904,0.410766,0.303047,0],[-0.124641,0.406747,-0.904998,0],[-0.495006,-0.815983,-0.298565,0],[0,0,0,1]]],[[42.635278,723.18256,-20.084115],[[-0.81421,0.178062,0.55259,0],[0.167717,0.983365,-0.06975,0],[-0.555817,0.035888,-0.83053,0],[0,0,0,1]]],[[78.080338,459.26979,-556.05695],[[-0.849952,0.007565,0.526806,0],[-0.446348,0.520906,-0.72762,0],[-0.279921,-0.85358,-0.439369,0],[0,0,0,1]]],[[458.24866,526.07809,195.07506],[[-0.365196,0.689494,0.625484,0],[0.629378,0.677938,-0.379847,0],[-0.685941,0.254947,-0.681533,0],[0,0,0,1]]],[[-579.90974,-187.07633,-394.67971],[[-0.138383,-0.838173,-0.527557,0],[0.964748,-0.234487,0.119486,0],[-0.223855,-0.492425,0.841075,0],[0,0,0,1]]],[[350.69585,633.04382,-23.502993],[[0.866848,0.466792,0.175155,0],[-0.463518,0.883934,-0.06174,0],[-0.183645,-0.027668,0.982603,0],[0,0,0,1]]],[[130.55328,481.24829,-527.08456],[[0.632325,0.103623,0.767742,0],[-0.639091,0.629901,0.441347,0],[-0.437868,-0.769732,0.464527,0],[0,0,0,1]]],[[-13.944445,697.10503,-200.50628],[[-0.547075,0.028256,-0.836607,0],[0.388424,0.893888,-0.223808,0],[0.741509,-0.447398,-0.499999,0],[0,0,0,1]]],[[547.9402,-322.70149,348.39108],[[-0.48015,0.742178,-0.467577,0],[-0.874615,-0.445844,0.190452,0],[-0.067117,0.500395,0.863192,0],[0,0,0,1]]],[[337.46378,497.81992,407.75885],[[-0.456158,0.605654,0.651999,0],[0.860719,0.486356,0.1504,0],[-0.226013,0.629795,-0.743153,0],[0,0,0,1]]],[[679.54044,206.66703,-152.28465],[[0.11551,0.933071,-0.340639,0],[0.392973,0.272029,0.878392,0],[0.912266,-0.235325,-0.335249,0],[0,0,0,1]]],[[90.467126,660.30322,-285.71902],[[-0.624807,0.129107,0.770031,0],[-0.219092,0.917619,-0.331624,0],[-0.74941,-0.375908,-0.545049,0],[0,0,0,1]]],[[480.1239,-102.91253,-533.13912],[[-0.246065,0.600221,-0.761043,0],[0.876374,-0.197626,-0.439219,0],[-0.41403,-0.775034,-0.47739,0],[0,0,0,1]]],[[382.92614,-97.753443,-608.16942],[[0.601854,0.507155,0.6169,0],[-0.665448,-0.108604,0.738501,0],[0.441533,-0.854985,0.272121,0],[0,0,0,1]]],[[641.68465,88.798974,327.29731],[[-0.165755,0.944208,0.284598,0],[0.985553,0.168789,0.014013,0],[-0.034806,0.282809,-0.958545,0],[0,0,0,1]]],[[-484.63017,289.96295,455.06612],[[0.25157,-0.662128,-0.705903,0],[-0.790403,0.280365,-0.544664,0],[0.558547,0.694969,-0.452817,0],[0,0,0,1]]],[[201.5748,658.7804,225.88847],[[0.355115,0.300258,-0.88529,0],[-0.406386,0.902433,0.143059,0],[0.841869,0.308967,0.442488,0],[0,0,0,1]]],[[368.32688,398.84648,-481.19148],[[-0.36633,0.57609,-0.7307,0],[0.832642,0.553488,0.018937,0],[0.415343,-0.601475,-0.682436,0],[0,0,0,1]]],[[608.69589,-278.22381,279.35209],[[0.456606,0.853657,0.250563,0],[0.856533,-0.345656,-0.383241,0],[-0.240548,0.389605,-0.889013,0],[0,0,0,1]]],[[388.43454,99.105784,604.79812],[[-0.789749,0.607195,-0.087235,0],[-0.059149,0.06617,0.996054,0],[0.610572,0.791792,-0.016343,0],[0,0,0,1]]],[[536.79631,-475.40455,-112.47146],[[0.095596,0.745333,0.659803,0],[-0.161087,-0.642518,0.749147,0],[0.9823,-0.177901,0.058641,0],[0,0,0,1]]],[[482.25982,-144.13211,522.69025],[[0.428674,0.627799,-0.649697,0],[-0.711877,-0.208084,-0.67077,0],[-0.556301,0.750046,0.357716,0],[0,0,0,1]]],[[46.160467,588.69938,421.59321],[[0.028177,0.01381,0.999508,0],[0.695713,0.717713,-0.029529,0],[-0.717767,0.696202,0.010615,0],[0,0,0,1]]],[[129.08209,713.27971,2.807009],[[-0.424188,0.16449,0.89051,0],[-0.093307,0.970192,-0.223654,0],[-0.900754,-0.177962,-0.396196,0],[0,0,0,1]]],[[678.12528,-73.877175,247.89719],[[0.032837,0.91944,-0.391858,0],[-0.914211,-0.130813,-0.383545,0],[-0.403907,0.370835,0.836266,0],[0,0,0,1]]],[[-227.3372,624.90848,289.81445],[[-0.489404,-0.447447,-0.748515,0],[-0.595858,0.798296,-0.087614,0],[0.636739,0.40313,-0.657304,0],[0,0,0,1]]],[[460.50966,-283.97023,-484.05075],[[0.78094,0.588622,0.208943,0],[0.086255,-0.432946,0.897283,0],[0.618622,-0.682702,-0.388877,0],[0,0,0,1]]],[[-553.48532,470.20787,-19.501373],[[0.638282,-0.76954,-0.020138,0],[0.768068,0.63838,-0.050421,0],[0.051657,0.016715,0.998525,0],[0,0,0,1]]],[[474.13398,-507.59136,-207.51414],[[0.090464,0.59945,0.795283,0],[-0.336636,-0.733147,0.590907,0],[0.937279,-0.321177,0.135473,0],[0,0,0,1]]],[[424.96578,-452.53278,-375.53411],[[0.720317,0.496324,-0.484568,0],[0.661525,-0.701662,0.264681,0],[-0.208635,-0.511208,-0.833749,0],[0,0,0,1]]],[[638.22235,304.3288,-160.72904],[[-0.058778,0.86888,-0.491522,0],[0.388226,0.473509,0.790613,0],[0.919688,-0.144351,-0.365154,0],[0,0,0,1]]],[[537.75723,-66.759638,-481.93856],[[-0.548953,0.725601,0.414913,0],[-0.652021,-0.061143,-0.755731,0],[-0.522991,-0.685393,0.506672,0],[0,0,0,1]]],[[339.46216,539.673,-343.95263],[[0.893559,0.445057,-0.058957,0],[-0.333935,0.746665,0.575307,0],[0.300066,-0.494384,0.81581,0],[0,0,0,1]]],[[157.82776,544.78193,454.04116],[[0.866199,0.266079,-0.422967,0],[-0.466924,0.732482,-0.495431,0],[0.177992,0.626636,0.758714,0],[0,0,0,1]]],[[421.57873,590.59278,-3.524938],[[-0.779231,0.621598,0.08009,0],[0.61797,0.783331,-0.067117,0],[-0.104457,-0.002807,-0.994525,0],[0,0,0,1]]],[[221.41678,-685.41187,73.777818],[[-0.147916,0.329876,0.932364,0],[0.21526,-0.909394,0.3559,0],[0.965289,0.253344,0.063505,0],[0,0,0,1]]],[[490.39833,533.79588,45.476532],[[0.201234,0.7418,-0.639716,0],[-0.28341,0.669236,0.686879,0],[0.937648,0.043078,0.344907,0],[0,0,0,1]]],[[-11.860004,676.87053,258.75996],[[-0.727019,-0.076546,0.682337,0],[0.291578,0.865291,0.407742,0],[-0.621631,0.495391,-0.606764,0],[0,0,0,1]]],[[161.87298,704.62028,64.764244],[[-0.036459,0.238577,-0.970439,0],[-0.03453,0.970204,0.239817,0],[0.998738,0.042253,-0.027135,0],[0,0,0,1]]],[[616.65676,-269.55376,-271.09658],[[-0.272056,0.874185,-0.402226,0],[0.269983,-0.331862,-0.903868,0],[-0.923631,-0.354497,-0.145731,0],[0,0,0,1]]],[[35.957125,638.16318,344.4109],[[-0.742118,0.226492,-0.630843,0],[-0.104202,0.89075,0.442388,0],[0.66212,0.394039,-0.63744,0],[0,0,0,1]]],[[517.43631,98.527332,-496.83712],[[-0.291683,0.668259,0.684362,0],[-0.851945,0.143779,-0.503505,0],[-0.434869,-0.729902,0.527382,0],[0,0,0,1]]],[[544.62365,-307.75784,-366.14101],[[0.616058,0.761002,0.203344,0],[0.167627,-0.378892,0.910133,0],[0.769658,-0.526609,-0.360984,0],[0,0,0,1]]],[[688.98874,114.2513,-197.45931],[[-0.227323,0.959138,-0.168458,0],[0.925333,0.266653,0.269545,0],[0.303451,-0.094606,-0.948139,0],[0,0,0,1]]],[[347.46547,12.806223,635.5604],[[0.267956,0.500082,-0.823479,0],[-0.947571,-0.017658,-0.319058,0],[-0.174096,0.865798,0.469132,0],[0,0,0,1]]],[[396.29551,529.14304,296.97014],[[0.766467,0.560559,-0.313531,0],[-0.641797,0.687422,-0.339923,0],[0.024981,0.461763,0.886652,0],[0,0,0,1]]],[[132.21998,408.01836,583.88154],[[0.982418,0.184069,0.031218,0],[-0.077491,0.554151,-0.828802,0],[-0.169856,0.81181,0.558671,0],[0,0,0,1]]],[[377.85596,585.37826,205.28994],[[-0.623869,0.510216,-0.592002,0],[0.201528,0.8369,0.508905,0],[0.755099,0.198185,-0.624939,0],[0,0,0,1]]],[[619.86167,-223.20557,-303.49519],[[0.302661,0.82356,-0.479734,0],[0.888505,-0.425946,-0.17067,0],[-0.344898,-0.374591,-0.860655,0],[0,0,0,1]]],[[505.78004,348.71779,382.86259],[[-0.218212,0.777119,0.590313,0],[0.871142,0.427762,-0.241107,0],[-0.439882,0.461634,-0.770323,0],[0,0,0,1]]],[[-472.54621,217.45421,505.1839],[[-0.462502,-0.602338,-0.6506,0],[-0.879142,0.406653,0.248481,0],[0.114899,0.686893,-0.717619,0],[0,0,0,1]]],[[318.11116,288.70319,-585.37321],[[-0.847639,0.504218,-0.165146,0],[0.282915,0.166211,-0.944634,0],[-0.448852,-0.84743,-0.283538,0],[0,0,0,1]]],[[354.8202,491.18579,-397.89953],[[-0.747869,0.657176,0.093868,0],[0.368066,0.528161,-0.765228,0],[-0.552467,-0.53774,-0.636879,0],[0,0,0,1]]],[[524.52894,-413.34003,-283.61422],[[-0.378082,0.663187,0.645939,0],[-0.760263,-0.620554,0.192126,0],[0.528255,-0.418444,0.738817,0],[0,0,0,1]]],[[-173.88845,-594.15375,378.33949],[[0.635748,-0.363485,-0.680957,0],[-0.612288,-0.774659,-0.158136,0],[-0.470029,0.517477,-0.715045,0],[0,0,0,1]]],[[-68.97802,-604.0373,394.34274],[[-0.875025,-0.130733,-0.46609,0],[-0.174005,-0.813542,0.554861,0],[-0.451723,0.566619,0.689122,0],[0,0,0,1]]],[[223.72169,244.23138,643.91927],[[0.949613,0.281234,0.138359,0],[0.053282,0.290163,-0.955493,0],[-0.308863,0.91472,0.260558,0],[0,0,0,1]]],[[-62.110273,197.88372,-694.87491],[[-0.458269,-0.049259,-0.887447,0],[0.874239,0.155093,-0.460057,0],[0.160299,-0.986671,-0.028011,0],[0,0,0,1]]],[[4.670543,562.0339,458.01951],[[-0.726569,0.066878,-0.683831,0],[-0.265256,0.890794,0.368952,0],[0.633827,0.449459,-0.629484,0],[0,0,0,1]]],[[-35.775972,239.72644,683.54768],[[-0.20169,-0.044718,0.978428,0],[0.95985,0.189817,0.206536,0],[-0.194958,0.980801,0.004638,0],[0,0,0,1]]],[[495.11496,326.19928,-419.66931],[[-0.089781,0.699767,-0.708707,0],[0.821702,0.454146,0.344321,0],[0.562801,-0.551432,-0.615774,0],[0,0,0,1]]],[[599.6997,292.68946,-286.36496],[[0.467863,0.793937,-0.388289,0],[0.034246,0.422724,0.905611,0],[0.883137,-0.436999,0.170588,0],[0,0,0,1]]],[[412.75214,-548.83727,-227.92145],[[0.619763,0.616446,-0.485683,0],[0.691797,-0.721348,-0.032782,0],[-0.370555,-0.315677,-0.87352,0],[0,0,0,1]]],[[-527.96068,488.12061,91.861173],[[0.452242,-0.74697,-0.487353,0],[0.458799,0.663419,-0.591082,0],[0.76484,0.043715,0.642735,0],[0,0,0,1]]],[[625.18921,343.20709,138.29462],[[-0.494071,0.834845,0.24275,0],[0.850073,0.405286,0.336332,0],[0.182402,0.372527,-0.90992,0],[0,0,0,1]]],[[96.398296,104.48186,710.42671],[[0.325294,0.123643,-0.937494,0],[-0.945612,0.043777,-0.322338,0],[0.001186,0.991361,0.131159,0],[0,0,0,1]]],[[376.10284,41.350769,-619.93009],[[-0.107749,0.482133,0.869447,0],[-0.98761,0.04845,-0.14926,0],[-0.114088,-0.874757,0.470939,0],[0,0,0,1]]],[[-276.70676,481.03424,-465.60242],[[-0.864645,-0.501468,-0.030297,0],[-0.357668,0.656806,-0.663837,0],[0.352792,-0.563147,-0.747263,0],[0,0,0,1]]],[[206.17272,-89.619738,689.91198],[[0.942637,0.332084,-0.033988,0],[0.009549,-0.128598,-0.991651,0],[-0.333682,0.934442,-0.124393,0],[0,0,0,1]]],[[310.21661,361.39922,546.60315],[[0.471063,0.42848,-0.771041,0],[-0.834292,0.500275,-0.231695,0],[0.286456,0.752416,0.593139,0],[0,0,0,1]]],[[517.7447,484.87606,-158.50457],[[0.358861,0.675777,-0.643851,0],[-0.034039,0.698814,0.714493,0],[0.93277,-0.234488,0.27378,0],[0,0,0,1]]],[[330.7735,458.15156,-455.67124],[[0.154374,0.514556,0.843446,0],[-0.697477,0.661393,-0.275835,0],[-0.699782,-0.545702,0.460993,0],[0,0,0,1]]],[[-248.45058,587.2504,343.63704],[[0.874714,-0.333732,0.351423,0],[0.457585,0.807605,-0.372009,0],[-0.159659,0.486208,0.859134,0],[0,0,0,1]]],[[-134.37723,542.74653,-460.86972],[[-0.929452,-0.238423,-0.281556,0],[0.003327,0.757694,-0.652601,0],[0.368929,-0.607498,-0.703447,0],[0,0,0,1]]],[[510.97912,486.87583,161.03606],[[-0.195047,0.744562,-0.638423,0],[-0.057296,0.641163,0.765263,0],[0.979119,0.185842,-0.082397,0],[0,0,0,1]]],[[-350.15874,630.49058,-83.180147],[[0.629164,-0.502748,0.592787,0],[0.267223,0.85607,0.44242,0],[-0.729893,-0.119949,0.672955,0],[0,0,0,1]]],[[628.02442,62.891629,-358.46522],[[0.309016,0.893084,-0.326972,0],[0.591036,0.089017,0.801718,0],[0.745107,-0.440996,-0.500337,0],[0,0,0,1]]],[[-26.899327,609.11795,392.94509],[[0.995085,-0.0825,-0.054766,0],[0.041494,0.849565,-0.525849,0],[0.08991,0.520992,0.848813,0],[0,0,0,1]]],[[459.69834,-541.29443,-147.51182],[[-0.577667,0.676963,-0.456094,0],[-0.211249,-0.663701,-0.717548,0],[-0.788463,-0.318155,0.526406,0],[0,0,0,1]]],[[339.81044,233.79984,-597.90328],[[0.429111,0.408883,0.805406,0],[-0.894389,0.316947,0.315614,0],[-0.126222,-0.85578,0.501706,0],[0,0,0,1]]],[[-291.89962,350.02753,563.92428],[[-0.890895,-0.449923,0.062257,0],[-0.170387,0.458103,0.872416,0],[-0.421041,0.766623,-0.484783,0],[0,0,0,1]]],[[65.870912,118.75996,-711.40772],[[0.512049,-0.042636,-0.857897,0],[0.854415,0.127846,0.503617,0],[0.088206,-0.990877,0.101892,0],[0,0,0,1]]],[[505.46424,403.38716,-329.84443],[[0.624517,0.713691,0.317211,0],[-0.775446,0.518221,0.360736,0],[0.093069,-0.471266,0.877067,0],[0,0,0,1]]],[[10.996339,470.978,-550.16958],[[-0.16176,-0.030817,0.986349,0],[-0.744697,0.659636,-0.10152,0],[-0.647503,-0.750953,-0.129652,0],[0,0,0,1]]],[[710.98488,117.07712,-87.860612],[[0.125849,0.986168,0.107864,0],[-0.976325,0.142402,-0.162824,0],[-0.175932,-0.08482,0.980741,0],[0,0,0,1]]],[[582.91819,-138.73169,-407.47101],[[-0.578912,0.815212,-0.017064,0],[-0.250492,-0.197721,-0.947713,0],[-0.775961,-0.544368,0.318667,0],[0,0,0,1]]],[[319.83568,-277.77832,588.68372],[[-0.868834,0.492279,0.052814,0],[-0.213392,-0.46859,0.857255,0],[0.446757,0.733542,0.512176,0],[0,0,0,1]]],[[152.71735,686.8922,-176.91095],[[0.860084,0.193926,0.471856,0],[-0.310008,0.933244,0.181523,0],[-0.405155,-0.302404,0.862787,0],[0,0,0,1]]],[[390.75363,547.12116,-273.75828],[[-0.771404,0.556346,0.308892,0],[0.122365,0.606045,-0.785962,0],[-0.62447,-0.568497,-0.535583,0],[0,0,0,1]]],[[88.083926,-44.806465,-717.52999],[[0.014928,0.144293,0.989422,0],[-0.994908,-0.096499,0.029083,0],[0.099675,-0.984819,0.142118,0],[0,0,0,1]]],[[-19.281175,-110.67962,716.21736],[[0.66933,-0.027836,-0.742443,0],[-0.736517,-0.15623,-0.65813,0],[-0.097672,0.987328,-0.125071,0],[0,0,0,1]]],[[-427.53514,537.50561,234.65922],[[-0.830284,-0.501581,-0.242992,0],[-0.527701,0.847764,0.053167,0],[0.179332,0.172371,-0.96857,0],[0,0,0,1]]],[[251.18666,-276.11192,620.58348],[[-0.678936,0.485471,0.550786,0],[0.375597,-0.414929,0.82871,0],[0.630851,0.769514,0.099369,0],[0,0,0,1]]],[[701.33468,-137.83567,-117.39855],[[-0.059278,0.967067,0.247522,0],[-0.831546,-0.185021,0.523735,0],[0.552284,-0.17478,0.815128,0],[0,0,0,1]]],[[534.19599,446.54377,200.98601],[[-0.386489,0.696343,0.604758,0],[0.642613,0.673663,-0.365003,0],[-0.66157,0.247556,-0.707842,0],[0,0,0,1]]],[[331.51978,615.0028,-199.30201],[[0.844556,0.508198,-0.168702,0],[-0.392339,0.801706,0.45093,0],[0.364411,-0.314647,0.876471,0],[0,0,0,1]]],[[-187.87345,548.36177,434.97873],[[0.475569,-0.38307,-0.791891,0],[-0.461406,0.657811,-0.595306,0],[0.748959,0.648492,0.136084,0],[0,0,0,1]]],[[-646.22785,-38.499928,326.86652],[[-0.460757,-0.878664,-0.125111,0],[-0.295365,0.018876,0.955198,0],[-0.836936,0.477067,-0.268224,0],[0,0,0,1]]],[[61.043256,670.1926,270.43121],[[0.092864,0.032589,0.995145,0],[0.428808,0.900717,-0.069512,0],[-0.89861,0.433182,0.06967,0],[0,0,0,1]]],[[-187.41653,106.23177,693.49661],[[0.914474,-0.285783,-0.28647,0],[-0.249428,0.159346,-0.955193,0],[0.318626,0.944953,0.074436,0],[0,0,0,1]]],[[617.54038,375.6821,70.000313],[[0.325831,0.870318,-0.369299,0],[-0.682025,0.486889,0.545693,0],[0.654734,0.074067,0.752221,0],[0,0,0,1]]],[[310.62509,-520.89883,-395.99152],[[0.326799,0.468417,-0.820846,0],[0.614487,-0.765202,-0.19202,0],[-0.718058,-0.441647,-0.537903,0],[0,0,0,1]]],[[709.90369,122.89635,84.989911],[[-0.031672,0.994403,-0.10079,0],[-0.510791,0.070574,0.856803,0],[0.859121,0.078619,0.505697,0],[0,0,0,1]]],[[678.11147,255.86529,-48.112728],[[-0.145894,0.956194,0.253788,0],[0.564182,0.291144,-0.772615,0],[-0.812659,0.030463,-0.581943,0],[0,0,0,1]]],[[248.83432,629.94278,258.54491],[[-0.578044,0.361434,-0.731594,0],[-0.053288,0.877922,0.47583,0],[0.814263,0.314036,-0.488218,0],[0,0,0,1]]],[[261.43766,513.67205,-442.73878],[[0.690901,0.359651,0.627142,0],[-0.676769,0.626821,0.386107,0],[-0.254242,-0.691193,0.676472,0],[0,0,0,1]]],[[534.765,-242.68282,-426.59986],[[0.575218,0.727638,-0.37372,0],[0.753775,-0.294046,0.587673,0],[0.317723,-0.619741,-0.717616,0],[0,0,0,1]]],[[409.19692,-8.511628,599.18691],[[0.842004,0.486318,-0.233504,0],[-0.246789,-0.037656,-0.968337,0],[-0.479713,0.87297,0.088311,0],[0,0,0,1]]],[[595.00836,416.1975,20.437479],[[-0.248385,0.917895,0.309472,0],[0.771397,0.38067,-0.509938,0],[-0.585876,0.112065,-0.802615,0],[0,0,0,1]]],[[549.6571,473.54675,-14.504522],[[0.435245,0.798127,0.416599,0],[-0.669018,0.59637,-0.443574,0],[-0.602476,-0.085649,0.793528,0],[0,0,0,1]]],[[653.26721,-313.81817,48.629918],[[0.224182,0.890359,-0.396236,0],[0.197275,-0.439627,-0.876248,0],[-0.954371,0.118272,-0.274202,0],[0,0,0,1]]],[[576.2393,-351.43797,-267.12062],[[0.653282,0.657798,-0.374865,0],[0.749776,-0.630855,0.199644,0],[-0.10516,-0.411489,-0.905328,0],[0,0,0,1]]],[[-65.851536,539.87607,480.25088],[[-0.690208,-0.119387,0.713695,0],[0.454414,0.696052,0.555895,0],[-0.563135,0.707996,-0.42617,0],[0,0,0,1]]],[[342.65872,564.02359,303.37432],[[0.368674,0.527399,0.76546,0],[0.292017,0.716067,-0.634014,0],[-0.8825,0.457272,0.109986,0],[0,0,0,1]]],[[600.91618,-11.136772,404.79757],[[0.499676,0.814313,-0.295328,0],[-0.509314,0.000415,-0.860581,0],[-0.70066,0.580426,0.414948,0],[0,0,0,1]]],[[602.54882,368.62741,-170.91619],[[-0.083849,0.8924,-0.443387,0],[0.745627,0.351372,0.566197,0],[0.661067,-0.283127,-0.694859,0],[0,0,0,1]]],[[296.18492,485.77445,451.15151],[[-0.765696,0.54458,-0.34226,0],[0.159559,0.676307,0.719131,0],[0.623097,0.496025,-0.604739,0],[0,0,0,1]]],[[563.92115,422.91099,-174.6768],[[-0.047302,0.865353,-0.498925,0],[0.404937,0.473213,0.782365,0],[0.91312,-0.165026,-0.372798,0],[0,0,0,1]]],[[302.36157,-462.40074,-470.70745],[[0.020498,0.408046,0.912731,0],[-0.702279,-0.643902,0.303635,0],[0.711606,-0.647216,0.273364,0],[0,0,0,1]]],[[1.946534,453.46913,568.87375],[[0.144135,-0.002924,-0.989554,0],[-0.749294,0.652857,-0.111069,0],[0.646362,0.757475,0.091909,0],[0,0,0,1]]],[[663.64785,191.16037,217.89228],[[-0.13131,0.919208,-0.371234,0],[-0.710705,0.173783,0.681688,0],[0.691127,0.35335,0.630466,0],[0,0,0,1]]],[[129.65039,639.31972,-317.0598],[[-0.985055,0.135746,-0.106021,0],[0.160839,0.945176,-0.284205,0],[0.061629,-0.297009,-0.952884,0],[0,0,0,1]]],[[159.70105,595.8591,-380.77707],[[-0.031824,0.279604,-0.959588,0],[0.447828,0.862301,0.236404,0],[0.893553,-0.422207,-0.152656,0],[0,0,0,1]]],[[147.6985,235.18607,669.5198],[[0.470759,0.15514,0.868514,0],[0.828921,0.259324,-0.495621,0],[-0.302117,0.953248,-0.00652,0],[0,0,0,1]]],[[54.450204,564.62439,-453.5047],[[0.719211,0.095503,-0.688197,0],[0.355154,0.80079,0.482287,0],[0.597161,-0.591282,0.542019,0],[0,0,0,1]]],[[-344.27983,-541.39427,340.76622],[[0.86226,-0.438417,0.253571,0],[-0.290614,-0.838335,-0.461234,0],[0.414791,0.324012,-0.850273,0],[0,0,0,1]]],[[718.08993,95.301431,23.512677],[[-0.056141,0.972742,-0.224991,0],[-0.41405,0.182372,0.891798,0],[0.908521,0.143224,0.392525,0],[0,0,0,1]]],[[549.82828,384.87703,-277.68863],[[-0.32742,0.804822,0.495032,0],[-0.204257,0.451235,-0.868715,0],[-0.922537,-0.385549,0.016647,0],[0,0,0,1]]],[[559.94842,121.17684,-443.08342],[[0.625072,0.757327,0.189055,0],[-0.464298,0.166039,0.869976,0],[0.627465,-0.631575,0.455411,0],[0,0,0,1]]],[[229.88502,485.42678,487.70448],[[0.838784,0.277639,-0.468356,0],[-0.52291,0.650429,-0.550915,0],[0.151677,0.707007,0.69075,0],[0,0,0,1]]],[[198.82969,171.37154,-675.8835],[[0.115634,0.254334,0.960178,0],[-0.96619,0.253068,0.049325,0],[-0.230446,-0.933419,0.274999,0],[0,0,0,1]]],[[604.83053,395.44294,-48.622984],[[0.374412,0.820757,-0.431478,0],[-0.443931,0.567194,0.693698,0],[0.814089,-0.068183,0.576724,0],[0,0,0,1]]],[[603.13816,354.34932,195.90477],[[-0.398571,0.810952,-0.428367,0],[0.127829,0.511631,0.849643,0],[0.908186,0.283886,-0.307584,0],[0,0,0,1]]],[[-425.67019,112.9268,-576.25093],[[0.31437,-0.572263,-0.757421,0],[0.946034,0.12273,0.299927,0],[-0.078679,-0.810834,0.579963,0],[0,0,0,1]]],[[-127.10957,583.04862,414.67559],[[0.269794,-0.252997,0.929088,0],[0.695485,0.718512,-0.006303,0],[-0.665966,0.647868,0.369806,0],[0,0,0,1]]],[[394.14152,157.18784,-587.94373],[[0.028852,0.400986,0.91563,0],[-0.981078,0.186803,-0.050893,0],[-0.191449,-0.896836,0.398789,0],[0,0,0,1]]],[[478.34248,-476.64663,-269.60541],[[0.600296,0.52319,-0.604911,0],[0.657586,-0.753379,0.000968,0],[-0.455221,-0.398362,-0.796292,0],[0,0,0,1]]],[[118.46295,679.28302,224.44064],[[-0.863271,0.209239,-0.459327,0],[0.067994,0.949941,0.304941,0],[0.500139,0.232015,-0.834284,0],[0,0,0,1]]],[[356.09889,379.16111,507.47801],[[-0.712197,0.488551,0.504076,0],[0.701874,0.508023,0.499285,0],[-0.012156,0.709387,-0.704714,0],[0,0,0,1]]],[[207.64557,382.08664,582.59606],[[-0.095678,0.391218,0.915311,0],[0.918349,0.389449,-0.070461,0],[-0.384032,0.833833,-0.396537,0],[0,0,0,1]]],[[554.94609,3.127483,-467.67087],[[-0.655844,0.754283,-0.030429,0],[-0.029005,-0.065458,-0.997434,0],[-0.754339,-0.653278,0.064808,0],[0,0,0,1]]],[[416.6409,441.31505,-397.97766],[[0.599736,0.534443,0.595556,0],[-0.770871,0.585521,0.250845,0],[-0.214648,-0.609537,0.763145,0],[0,0,0,1]]],[[674.97183,-224.28057,144.74131],[[-0.255282,0.928945,-0.268129,0],[-0.93205,-0.310187,-0.187262,0],[-0.257126,0.202105,0.945008,0],[0,0,0,1]]],[[544.82152,307.62705,-367.10389],[[-0.082201,0.82536,-0.558591,0],[0.811491,0.380804,0.443249,0],[0.578554,-0.416856,-0.701075,0],[0,0,0,1]]],[[564.51217,440.42265,-117.16827],[[0.465424,0.768954,0.438281,0],[-0.725229,0.615183,-0.309181,0],[-0.50737,-0.173954,0.843988,0],[0,0,0,1]]],[[437.4239,-214.42875,535.72766],[[0.475849,0.584056,-0.657607,0],[-0.599863,-0.331284,-0.728296,0],[-0.64322,0.741033,0.192712,0],[0,0,0,1]]],[[646.84656,222.48583,-240.94815],[[0.372167,0.887628,-0.271307,0],[-0.060848,0.315008,0.947136,0],[0.926169,-0.335984,0.171246,0],[0,0,0,1]]],[[-108.72209,-546.7408,-466.57952],[[-0.711448,-0.065523,-0.699678,0],[0.471126,-0.783227,-0.405704,0],[-0.521424,-0.618273,0.588095,0],[0,0,0,1]]],[[291.78718,387.83268,-539.72167],[[-0.358747,0.195968,-0.912632,0],[0.843562,0.48665,-0.227099,0],[0.399628,-0.851333,-0.339895,0],[0,0,0,1]]],[[550.27873,355.32018,309.72296],[[-0.274745,0.715727,-0.642067,0],[-0.41844,0.512214,0.75003,0],[0.865692,0.474733,0.158761,0],[0,0,0,1]]],[[-585.80406,237.04326,-353.66997],[[0.371886,-0.775821,0.509709,0],[-0.293509,0.422647,0.857451,0],[-0.880655,-0.468479,-0.070534,0],[0,0,0,1]]],[[-104.19732,664.01428,275.77014],[[-0.445709,-0.19449,-0.873795,0],[-0.515664,0.853673,0.073021,0],[0.731733,0.48313,-0.480782,0],[0,0,0,1]]],[[-165.862,593.01313,-384.54298],[[-0.492335,-0.192129,-0.848936,0],[0.43125,0.793362,-0.429652,0],[0.756062,-0.577637,-0.307744,0],[0,0,0,1]]],[[-271.87877,457.9389,493.77656],[[0.778675,-0.456857,0.430054,0],[0.626846,0.59595,-0.501904,0],[-0.026992,0.660398,0.750431,0],[0,0,0,1]]],[[204.79853,229.04383,-659.31019],[[-0.731714,0.074213,0.677559,0],[-0.648846,0.228656,-0.725751,0],[-0.208788,-0.970674,-0.119158,0],[0,0,0,1]]],[[-524.73345,447.87025,-227.8667],[[-0.552505,-0.821648,-0.140118,0],[-0.738227,0.560431,-0.375418,0],[0.386988,-0.103981,-0.916203,0],[0,0,0,1]]],[[244.18665,-53.053278,-681.76416],[[-0.875068,0.187826,0.446069,0],[-0.481496,-0.244202,-0.84174,0],[-0.04917,-0.95136,0.304131,0],[0,0,0,1]]],[[132.28633,227.99297,-675.78871],[[-0.12996,0.167015,-0.977352,0],[0.965823,0.244278,-0.086684,0],[0.224268,-0.955214,-0.193053,0],[0,0,0,1]]],[[90.649165,-333.33531,636.7722],[[-0.978176,0.165736,0.125308,0],[0.062804,-0.339032,0.938676,0],[0.198056,0.926061,0.321224,0],[0,0,0,1]]],[[516.25644,275.78175,431.73313],[[0.560695,0.799243,0.216407,0],[-0.087215,0.316905,-0.944439,0],[-0.823416,0.510669,0.247393,0],[0,0,0,1]]],[[222.65258,681.59273,110.18512],[[-0.919558,0.193268,0.342141,0],[0.211367,0.977275,0.016042,0],[-0.331265,0.087069,-0.939512,0],[0,0,0,1]]],[[450.48262,463.25244,-335.35453],[[-0.796657,0.601395,0.060511,0],[0.397382,0.596564,-0.69728,0],[-0.455439,-0.531447,-0.71424,0],[0,0,0,1]]],[[416.23141,582.03923,-122.68631],[[-0.788658,0.610271,0.074752,0],[0.601711,0.791085,-0.110128,0],[-0.126343,-0.041874,-0.991102,0],[0,0,0,1]]],[[-87.460013,621.54641,-362.54762],[[-0.905236,0.040217,-0.423003,0],[0.271977,0.8197,-0.504104,0],[0.326461,-0.57138,-0.752959,0],[0,0,0,1]]],[[658.01406,94.494082,-288.6657],[[-0.01445,0.865006,-0.501553,0],[0.919166,0.208947,0.333879,0],[0.393606,-0.456186,-0.798103,0],[0,0,0,1]]],[[-484.59238,364.58341,-396.07405],[[-0.182174,-0.737329,0.650507,0],[-0.855941,0.444517,0.264141,0],[-0.48392,-0.508676,-0.712089,0],[0,0,0,1]]],[[596.4721,-196.68295,-364.1908],[[0.508909,0.860435,-0.025763,0],[0.538608,-0.29493,0.789251,0],[0.671501,-0.415533,-0.61353,0],[0,0,0,1]]],[[465.22976,485.00642,269.8559],[[0.725193,0.681957,0.095029,0],[-0.539234,0.64832,-0.537502,0],[-0.428162,0.33855,0.837891,0],[0,0,0,1]]],[[493.89498,231.68341,-477.88292],[[-0.119714,0.648827,-0.75146,0],[0.916363,0.363466,0.167841,0],[0.38203,-0.668518,-0.638073,0],[0,0,0,1]]],[[223.8459,-430.08651,-539.82142],[[-0.568853,0.430557,0.700733,0],[-0.810224,-0.43968,-0.387581,0],[0.141222,-0.788227,0.598961,0],[0,0,0,1]]],[[240.36576,-548.45751,410.23509],[[-0.17905,0.094167,0.979323,0],[0.6,-0.778423,0.184547,0],[0.779706,0.620637,0.082877,0],[0,0,0,1]]],[[267.07712,303.72985,603.08565],[[-0.890589,0.453473,0.034823,0],[0.287762,0.50254,0.815259,0],[0.352198,0.736082,-0.578049,0],[0,0,0,1]]],[[37.237021,285.49024,664.46848],[[-0.105246,-0.100548,-0.98935,0],[-0.909252,0.412623,0.05479,0],[0.40272,0.905335,-0.13485,0],[0,0,0,1]]],[[547.24842,398.91046,257.44991],[[0.585548,0.789138,-0.185459,0],[-0.796569,0.517687,-0.312214,0],[-0.150371,0.330547,0.931733,0],[0,0,0,1]]],[[-332.97981,-187.49271,-615.29735],[[-0.809696,-0.566208,0.154273,0],[-0.004179,-0.257314,-0.966319,0],[0.586834,-0.783069,0.20598,0],[0,0,0,1]]],[[-74.709834,630.08958,350.05322],[[0.09696,-0.031725,-0.994783,0],[-0.572648,0.815707,-0.081829,0],[0.814047,0.577595,0.060924,0],[0,0,0,1]]],[[-179.83267,696.51055,87.819019],[[0.842209,-0.246849,0.479323,0],[0.236725,0.968059,0.082601,0],[-0.484402,0.043901,0.873743,0],[0,0,0,1]]],[[261.88429,545.75281,399.89413],[[-0.674742,0.454349,-0.581627,0],[-0.133375,0.700018,0.70156,0],[0.725902,0.550946,-0.411733,0],[0,0,0,1]]],[[594.62408,322.31174,262.04399],[[0.553829,0.817704,0.15695,0],[-0.337541,0.392808,-0.855434,0],[-0.761144,0.420787,0.493557,0],[0,0,0,1]]],[[-120.56674,692.86328,-175.53914],[[-0.576763,-0.21114,-0.789154,0],[0.148089,0.922993,-0.355181,0],[0.803377,-0.32172,-0.501081,0],[0,0,0,1]]],[[481.87063,-442.24102,314.27949],[[0.470802,0.714829,0.517074,0],[0.798253,-0.594726,0.09536,0],[0.375683,0.36786,-0.850612,0],[0,0,0,1]]],[[-347.30711,302.46249,558.33291],[[-0.083247,-0.428075,-0.899901,0],[-0.894369,0.430375,-0.12199,0],[0.439516,0.794688,-0.418685,0],[0,0,0,1]]],[[376.73219,-565.52382,255.32582],[[0.141865,0.567629,0.81097,0],[0.256248,-0.812388,0.523796,0],[0.956144,0.133501,-0.260704,0],[0,0,0,1]]],[[-344.32073,518.14287,374.0934],[[0.583433,-0.516434,0.626818,0],[0.708292,0.701193,-0.081556,0],[-0.397402,0.491553,0.774886,0],[0,0,0,1]]],[[562.20761,88.850063,448.20665],[[0.31359,0.784838,0.5345,0],[0.645388,0.236726,-0.726247,0],[-0.696517,0.572703,-0.43229,0],[0,0,0,1]]],[[560.90013,196.33643,-417.95292],[[-0.261158,0.705047,-0.659322,0],[0.957797,0.274237,-0.086129,0],[0.120085,-0.65399,-0.746911,0],[0,0,0,1]]],[[-346.67105,18.059175,-636.40304],[[0.745608,-0.513071,-0.425236,0],[0.516829,0.042408,0.855038,0],[-0.420662,-0.857298,0.29679,0],[0,0,0,1]]],[[-573.03707,-322.60915,-302.26919],[[-0.285043,-0.776417,-0.562073,0],[0.867918,-0.457927,0.192409,0],[-0.406778,-0.432989,0.804396,0],[0,0,0,1]]],[[131.84418,707.28606,-90.452558],[[-0.922046,0.202008,0.330188,0],[0.122713,0.96157,-0.24561,0],[-0.367114,-0.185945,-0.911401,0],[0,0,0,1]]],[[240.31371,683.14354,-17.199735],[[-0.73082,0.150303,-0.665816,0],[0.037599,0.982838,0.180599,0],[0.681534,0.106951,-0.723929,0],[0,0,0,1]]],[[-612.10092,370.02085,121.48331],[[0.266287,-0.865354,-0.424564,0],[0.193064,0.479425,-0.856083,0],[0.944361,0.145996,0.294733,0],[0,0,0,1]]],[[-632.79668,256.16852,-245.15438],[[0.115658,-0.805827,-0.580747,0],[0.762107,0.446964,-0.468418,0],[0.637037,-0.388415,0.665821,0],[0,0,0,1]]],[[-457.87029,457.23182,324.53879],[[0.605785,-0.619064,0.499783,0],[0.763589,0.628834,-0.146628,0],[-0.223509,0.470454,0.853649,0],[0,0,0,1]]],[[-324.25624,407.83587,505.5736],[[-0.848462,-0.492521,0.193739,0],[-0.087094,0.491,0.866795,0],[-0.52204,0.718569,-0.459491,0],[0,0,0,1]]],[[567.69509,-447.48177,47.698376],[[0.564966,0.736887,0.371229,0],[0.667443,-0.672658,0.319453,0],[0.485111,0.067294,-0.871859,0],[0,0,0,1]]],[[-387.14075,389.77607,472.09688],[[-0.76437,-0.604168,0.225209,0],[-0.275495,0.621817,0.733107,0],[-0.582959,0.498321,-0.641744,0],[0,0,0,1]]],[[267.66664,614.40793,-277.95054],[[0.924965,0.344997,-0.159427,0],[-0.231127,0.843627,0.484637,0],[0.301695,-0.411425,0.860064,0],[0,0,0,1]]],[[-675.81492,257.82312,64.255731],[[0.003655,-0.962027,0.272931,0],[0.005407,0.272948,0.962014,0],[-0.999979,-0.00204,0.006199,0],[0,0,0,1]]],[[119.62016,-137.59546,-701.2864],[[-0.757869,0.269818,0.593998,0],[-0.642163,-0.147797,-0.752186,0],[-0.115162,-0.951501,0.285278,0],[0,0,0,1]]],[[196.20579,617.36369,-326.99954],[[0.357099,0.178418,-0.916868,0],[0.343226,0.887854,0.306451,0],[0.868721,-0.424126,0.255813,0],[0,0,0,1]]],[[471.7205,402.05259,378.45452],[[0.694245,0.678017,0.24149,0],[-0.148514,0.463253,-0.873693,0],[-0.70425,0.570692,0.422306,0],[0,0,0,1]]],[[691.79005,-203.7273,-75.648572],[[-0.020301,0.946802,-0.321174,0],[0.292005,-0.301619,-0.907612,0],[-0.956201,-0.11221,-0.270348,0],[0,0,0,1]]],[[-251.0702,548.38087,402.39751],[[0.225758,-0.454251,-0.861794,0],[-0.508864,0.699367,-0.501939,0],[0.830717,0.551853,-0.073265,0],[0,0,0,1]]],[[47.326934,-137.39891,710.661],[[-0.893076,0.057622,-0.4462,0],[-0.448352,-0.196315,0.872032,0],[-0.037347,0.978846,0.20116,0],[0,0,0,1]]],[[165.78261,305.51781,636.0903],[[-0.245367,0.310502,-0.918359,0],[-0.834022,0.415285,0.363244,0],[0.494169,0.855059,0.157068,0],[0,0,0,1]]],[[333.96906,99.045654,-637.55449],[[-0.666081,0.399809,-0.629673,0],[0.733694,0.19923,-0.649616,0],[-0.134273,-0.894684,-0.426041,0],[0,0,0,1]]],[[269.0667,595.49812,316.21729],[[0.806355,0.361187,-0.468332,0],[-0.522232,0.806507,-0.277165,0],[0.277605,0.468072,0.838954,0],[0,0,0,1]]],[[-31.714528,723.20794,18.072047],[[-0.904166,-0.044726,0.424834,0],[0.003981,0.993578,0.113075,0],[-0.427163,0.10393,-0.898182,0],[0,0,0,1]]],[[505.4089,409.96092,323.16862],[[-0.70089,0.644239,0.306122,0],[0.694905,0.519995,0.496701,0],[0.160812,0.560858,-0.812144,0],[0,0,0,1]]],[[589.36979,-405.65473,132.04194],[[0.505208,0.809819,0.298258,0],[0.794535,-0.571374,0.205538,0],[0.336865,0.133137,-0.932092,0],[0,0,0,1]]],[[708.26022,58.976074,-152.41469],[[0.060407,0.997702,-0.030683,0],[0.985787,-0.054801,0.158813,0],[0.156767,-0.039841,-0.986832,0],[0,0,0,1]]],[[125.22532,621.80684,352.7783],[[0.534489,0.118202,0.836869,0],[0.373831,0.854983,-0.359518,0],[-0.758005,0.505007,0.412792,0],[0,0,0,1]]],[[121.86266,-465.84795,542.60776],[[-0.891744,0.087996,0.443902,0],[0.292645,-0.636076,0.713979,0],[0.345183,0.766593,0.541465,0],[0,0,0,1]]],[[-662.31419,237.99723,-173.41664],[[0.016072,-0.959467,0.281363,0],[-0.233638,0.270006,0.934083,0],[-0.972191,-0.080749,-0.219828,0],[0,0,0,1]]],[[659.45236,276.7648,127.04821],[[0.02766,0.816431,0.57678,0],[0.428318,0.511669,-0.744807,0],[-0.903205,0.267646,-0.33554,0],[0,0,0,1]]],[[452.4251,278.74855,-494.84295],[[-0.607343,0.675137,-0.418718,0],[0.718441,0.241802,-0.652207,0],[-0.339082,-0.696937,-0.631903,0],[0,0,0,1]]],[[449.4038,-318.89801,473.75533],[[0.595982,0.677596,0.430892,0],[0.802893,-0.494195,-0.333367,0],[-0.012943,0.544641,-0.838569,0],[0,0,0,1]]],[[630.14089,346.58687,-99.955572],[[0.044452,0.88463,0.464171,0],[-0.611313,0.391572,-0.687726,0],[-0.790139,-0.253183,0.558192,0],[0,0,0,1]]],[[430.62565,366.9565,-452.19034],[[-0.356652,0.513548,-0.780428,0],[0.800336,0.598882,0.028334,0],[0.481936,-0.614499,-0.624603,0],[0,0,0,1]]],[[668.12738,1.677707,-283.62114],[[0.211656,0.933196,-0.290426,0],[0.840553,-0.02219,0.541275,0],[0.498671,-0.358682,-0.789097,0],[0,0,0,1]]],[[454.30068,31.741873,-565.39229],[[0.261429,0.717534,-0.645601,0],[0.908664,0.042639,0.415344,0],[0.325551,-0.695217,-0.64085,0],[0,0,0,1]]],[[723.93493,5.402571,-0.233334],[[-0.164548,0.980121,-0.110851,0],[0.241411,-0.068947,-0.967971,0],[-0.956371,-0.186038,-0.225266,0],[0,0,0,1]]],[[702.29666,-35.771893,-176.85825],[[-0.291335,0.952415,-0.089604,0],[-0.214019,-0.156185,-0.964262,0],[-0.932373,-0.261747,0.249337,0],[0,0,0,1]]],[[-370.19944,-122.42814,612.04549],[[-0.438293,-0.614377,-0.656079,0],[-0.633822,-0.306294,0.710249,0],[-0.637314,0.727135,-0.255159,0],[0,0,0,1]]],[[177.13868,530.67943,-463.49296],[[0.743822,0.17812,0.644207,0],[-0.543697,0.721838,0.428186,0],[-0.388744,-0.668748,0.633762,0],[0,0,0,1]]],[[450.98115,198.52768,-535.17602],[[0.796377,0.585197,0.152737,0],[-0.341904,0.227297,0.911832,0],[0.498885,-0.778383,0.381096,0],[0,0,0,1]]],[[399.57363,600.21793,79.63076],[[0.773034,0.587963,0.238156,0],[-0.50334,0.796996,-0.333835,0],[-0.386092,0.138192,0.91205,0],[0,0,0,1]]],[[122.57689,557.07164,-448.14296],[[-0.436379,0.135732,0.889466,0],[-0.452651,0.821234,-0.347394,0],[-0.777612,-0.554213,-0.296929,0],[0,0,0,1]]],[[-419.9463,568.84437,160.61316],[[-0.891648,-0.442332,-0.096465,0],[-0.450476,0.845605,0.286397,0],[-0.045112,0.298821,-0.953242,0],[0,0,0,1]]],[[582.22611,189.00909,391.48063],[[-0.205879,0.81261,0.545233,0],[0.968519,0.089525,0.232284,0],[0.139944,0.575891,-0.80546,0],[0,0,0,1]]],[[549.74929,471.82726,59.112916],[[-0.499968,0.85952,0.1061,0],[0.836913,0.511019,-0.196052,0],[-0.22273,-0.009223,-0.974837,0],[0,0,0,1]]],[[649.34708,317.87261,37.449789],[[0.452274,0.890503,-0.049522,0],[-0.891677,0.452656,-0.003858,0],[0.018981,0.045902,0.998766,0],[0,0,0,1]]],[[26.700464,189.30989,-699.45591],[[-0.985712,0.040762,-0.16343,0],[0.168352,0.269209,-0.948253,0],[0.005344,-0.962219,-0.272225,0],[0,0,0,1]]],[[43.034998,346.43933,636.50021],[[0.843546,-0.007795,0.537001,0],[0.487472,0.43075,-0.75949,0],[-0.225393,0.902438,0.367157,0],[0,0,0,1]]],[[500.75765,522.4891,-59.662326],[[0.63299,0.724837,0.27191,0],[-0.702033,0.685486,-0.193026,0],[-0.326303,-0.068707,0.942765,0],[0,0,0,1]]],[[-38.581368,569.27643,-447.43201],[[-0.318243,0.089095,0.943813,0],[-0.606239,0.746274,-0.274864,0],[-0.728832,-0.65965,-0.183484,0],[0,0,0,1]]],[[692.77067,-112.97742,-188.43258],[[0.072496,0.947415,-0.311687,0],[0.497864,-0.305165,-0.811791,0],[-0.86422,-0.096326,-0.493807,0],[0,0,0,1]]],[[494.86681,485.5031,-214.79866],[[-0.285382,0.732371,-0.618215,0],[0.591854,0.64202,0.487359,0],[0.753834,-0.22681,-0.616678,0],[0,0,0,1]]],[[74.688674,711.9153,-121.97708],[[-0.853891,0.163264,0.49418,0],[0.10267,0.983706,-0.147588,0],[-0.510224,-0.075286,-0.85674,0],[0,0,0,1]]],[[-658.2716,303.295,2.287526],[[0.30598,-0.929686,0.205086,0],[0.805055,0.367655,0.465528,0],[-0.508195,0.022663,0.860944,0],[0,0,0,1]]],[[-278.28084,631.52465,223.49101],[[0.409511,-0.378738,-0.829975,0],[-0.167492,0.863081,-0.476485,0],[0.896798,0.334141,0.290006,0],[0,0,0,1]]],[[652.3819,-223.3914,-228.61313],[[0.468959,0.815226,-0.339829,0],[0.863177,-0.341532,0.371861,0],[0.187088,-0.46772,-0.863849,0],[0,0,0,1]]],[[-573.50641,334.12246,291.06279],[[-0.248964,-0.772391,-0.584319,0],[-0.84044,0.472129,-0.265999,0],[0.481329,0.424861,-0.766691,0],[0,0,0,1]]],[[-289.72731,-308.38613,589.34861],[[-0.811166,-0.317914,0.490857,0],[0.584479,-0.469195,0.661997,0],[0.019849,0.823885,0.56641,0],[0,0,0,1]]],[[289.35697,655.26403,112.78252],[[0.063589,0.409537,-0.910075,0],[-0.127026,0.907824,0.399649,0],[0.989859,0.09019,0.10975,0],[0,0,0,1]]],[[5.80096,113.60144,-716.86916],[[-0.972748,0.104156,0.207154,0],[-0.190826,0.147867,-0.970423,0],[-0.131706,-0.983508,-0.123962,0],[0,0,0,1]]],[[590.6657,45.314519,-420.88887],[[-0.40038,0.870446,-0.28639,0],[0.79506,0.174593,-0.580858,0],[-0.455604,-0.460262,-0.761961,0],[0,0,0,1]]],[[-228.83273,535.26412,-432.63254],[[0.510316,-0.370494,-0.776088,0],[0.68003,0.726272,0.100442,0],[0.526437,-0.57902,0.622575,0],[0,0,0,1]]],[[290.52646,663.24457,23.324467],[[-0.909508,0.412591,0.050637,0],[0.412912,0.91076,-0.004437,0],[-0.047949,0.016873,-0.998707,0],[0,0,0,1]]],[[530.01201,-12.454218,495.33239],[[0.022484,0.680826,-0.7321,0],[-0.998783,-0.016859,-0.046353,0],[-0.0439,0.732251,0.679618,0],[0,0,0,1]]],[[-37.165331,-378.98465,-618.44533],[[-0.433387,-0.033074,0.900601,0],[-0.76372,-0.517053,-0.386506,0],[0.478442,-0.855314,0.198825,0],[0,0,0,1]]],[[698.88297,-169.03586,90.121694],[[0.002235,0.957857,-0.287237,0],[-0.409476,-0.261176,-0.874138,0],[-0.912318,0.11957,0.391636,0],[0,0,0,1]]],[[-402.97195,465.33145,383.37609],[[0.519812,-0.528502,-0.671179,0],[-0.291413,0.628842,-0.720858,0],[0.80304,0.570301,0.172868,0],[0,0,0,1]]],[[373.75991,287.24756,-550.81881],[[0.830055,0.416037,-0.371379,0],[0.161848,0.457563,0.874323,0],[0.53368,-0.785843,0.312468,0],[0,0,0,1]]],[[-141.49881,314.63721,637.64914],[[0.426961,-0.280692,-0.859602,0],[-0.765042,0.39467,-0.508868,0],[0.482094,0.874899,-0.046232,0],[0,0,0,1]]],[[134.59735,582.59075,411.76191],[[-0.63156,0.229133,-0.740696,0],[-0.397679,0.72436,0.563164,0],[0.66557,0.650231,-0.366355,0],[0,0,0,1]]],[[304.50498,-556.65284,351.94956],[[-0.530318,0.442493,0.723161,0],[0.054923,-0.833264,0.550141,0],[0.846018,0.331468,0.417592,0],[0,0,0,1]]],[[664.22839,-283.85308,-62.932565],[[0.265478,0.896187,0.355487,0],[0.590191,-0.442622,0.675101,0],[0.762363,0.030581,-0.646427,0],[0,0,0,1]]],[[318.63587,101.77568,642.70976],[[0.21334,0.457915,0.863018,0],[0.946195,0.123154,-0.299247,0],[-0.243314,0.880424,-0.407003,0],[0,0,0,1]]],[[439.8209,-44.353764,-573.7181],[[-0.880991,0.463083,0.096998,0],[-0.030907,0.148246,-0.988467,0],[-0.472122,-0.873829,-0.116291,0],[0,0,0,1]]],[[520.37262,262.15461,-430.92847],[[-0.793895,0.592296,-0.137534,0],[0.494444,0.497181,-0.712977,0],[-0.353914,-0.634032,-0.687567,0],[0,0,0,1]]],[[274.65282,-207.41811,637.97681],[[-0.736394,0.316581,-0.597913,0],[-0.67644,-0.328356,0.659251,0],[0.012378,0.889921,0.455947,0],[0,0,0,1]]],[[688.33207,175.7669,140.73663],[[-0.178279,0.950566,-0.254244,0],[-0.226558,0.211787,0.950693,0],[0.957543,0.22709,0.177601,0],[0,0,0,1]]],[[87.21228,698.77523,173.96836],[[-0.17094,0.121043,-0.977818,0],[-0.182071,0.971453,0.152084,0],[0.968313,0.20403,-0.144022,0],[0,0,0,1]]],[[-94.933199,436.49378,-571.38036],[[0.436054,-0.182282,-0.881266,0],[0.786,0.554034,0.274319,0],[0.438248,-0.812293,0.384863,0],[0,0,0,1]]],[[572.82027,429.40754,113.01808],[[-0.065736,0.824883,0.561468,0],[0.535399,0.503987,-0.67775,0],[-0.842037,0.256057,-0.474772,0],[0,0,0,1]]],[[336.07512,158.31728,-623.33247],[[0.488446,0.490253,0.721854,0],[-0.87126,0.228275,0.434507,0],[0.048237,-0.841156,0.538638,0],[0,0,0,1]]],[[382.93974,339.22132,-517.10811],[[-0.823146,0.52503,0.216275,0],[0.055051,0.452874,-0.889873,0],[-0.565155,-0.720589,-0.401685,0],[0,0,0,1]]],[[256.10318,-339.4966,586.65999],[[-0.292648,0.320683,-0.900844,0],[-0.832898,-0.548266,0.075403,0],[-0.469722,0.772377,0.427545,0],[0,0,0,1]]],[[-55.031156,-0.711407,-724.2491],[[0.665792,-0.065811,0.743229,0],[-0.744562,0.006091,0.667525,0],[-0.048458,-0.997813,-0.044945,0],[0,0,0,1]]],[[678.64839,-187.12879,-178.91301],[[0.424929,0.816732,-0.390365,0],[0.902427,-0.348312,0.253583,0],[0.071141,-0.460031,-0.885048,0],[0,0,0,1]]],[[-47.059865,381.48091,-614.83503],[[0.234198,-0.117884,0.965015,0],[-0.776317,0.574844,0.258625,0],[-0.585221,-0.809727,0.043112,0],