{
    "exteriorRecipe": {
        "ext__Bacteria_Rad25_1_1": {
            "compNum": 0,
            "results": [
                [
                    [
                        -15.293571807199557,
                        -378.50807332668325,
                        -0.5
                    ],
                    [
                        [
                            0.059126701205968857,
                            -0.96267890930175781,
                            -0.26410850882530212,
                            0.0
                        ],
                        [
                            -0.16956906020641327,
                            -0.2704121470451355,
                            0.94769382476806641,
                            0.0
                        ],
                        [
                            -0.98374295234680176,
                            -0.011249381117522717,
                            -0.17922914028167725,
                            0.0
                        ],
                        [
                            0.0,
                            0.0,
                            0.0,
                            1.0
                        ]
                    ]
                ],
                [
                    [
                        182.35876024179302,
                        -261.89316348680649,
                        -0.5
                    ],
                    [
                        [
                            0.11986484378576279,
                            -0.98622137308120728,
                            -0.11401675641536713,
                            0.0
                        ],
                        [
                            -0.97984200716018677,
                            -0.1360064297914505,
                            0.14632807672023773,
                            0.0
                        ],
                        [
                            -0.1598188728094101,
                            0.094178810715675354,
                            -0.98264354467391968,
                            0.0
                        ],
                        [
                            0.0,
                            0.0,
                            0.0,
                            1.0
                        ]
                    ]
                ],
                [
                    [
                        427.09537978240786,
                        -403.13352274809466,
                        -0.5
                    ],
                    [
                        [
                            -0.10786142945289612,
                            -0.99416589736938477,
                            -0.00027884432347491384,
                            0.0
                        ],
                        [
                            0.99414670467376709,
                            -0.10786108672618866,
                            0.0061801401898264885,
                            0.0
                        ],
                        [
                            -0.0061741610988974571,
                            0.00038938646321184933,
                            0.99998092651367188,
                            0.0
                        ],
                        [
                            0.0,
                            0.0,
                            0.0,
                            1.0
                        ]
                    ]
                ],
                [
                    [
                        -35.13787848721914,
                        -279.87946658028943,
                        -0.5
                    ],
                    [
                        [
                            -0.019670700654387474,
                            -0.90766561031341553,
                            -0.41923287510871887,
                            0.0
                        ],
                        [
                            -0.36118417978286743,
                            -0.38454544544219971,
                            0.84951204061508179,
                            0.0
                        ],
                        [
                            -0.93228697776794434,
                            0.1681307852268219,
                            -0.32027018070220947,
                            0.0
                        ],
                        [
                            0.0,
                            0.0,
                            0.0,
                            1.0
                        ]
                    ]
                ],
                [
                    [
                        -134.13546937286637,
                        -138.29814600911135,
                        -0.5
                    ],
                    [
                        [
                            0.098923638463020325,
                            -0.67482870817184448,
                            0.73131400346755981,
                            0.0
                        ],
                        [
                            -0.0046623419038951397,
                            -0.73522496223449707,
                            -0.67780697345733643,
                            0.0
                        ],
                        [
                            0.99508410692214966,
                            0.0636415034532547,
                            -0.07587742805480957,
                            0.0
                        ],
                        [
                            0.0,
                            0.0,
                            0.0,
                            1.0
                        ]
                    ]
                ],
                [
                    [
                        -76.899123394431754,
                        -494.17796703854668,
                        -0.5
                    ],
                    [
                        [
                            -0.052173454314470291,
                            -0.99846285581588745,
                            0.018705219030380249,
                            0.0
                        ],
                        [
                            0.53978627920150757,
                            -0.043954692780971527,
                            -0.84065377712249756,
                            0.0
                        ],
                        [
                            0.84018373489379883,
                            -0.033762991428375244,
                            0.54124981164932251,
                            0.0
                        ],
                        [
                            0.0,
                            0.0,
                            0.0,
                            1.0
                        ]
                    ]
                ],
                [
                    [
                        -363.29304158927243,
                        -127.23926369002153,
                        -0.5
                    ],
                    [
                        [
                            0.79273009300231934,
                            -0.13143482804298401,
                            0.59523427486419678,
                            0.0
                        ],
                        [
                            -0.1175074502825737,
                            -0.99111253023147583,
                            -0.062353618443012238,
                            0.0
                        ],
                        [
                            0.59813958406448364,
                            -0.020514875650405884,
                            -0.80112928152084351,
                            0.0
                        ],
                        [
                            0.0,
                            0.0,
                            0.0,
                            1.0
                        ]
                    ]
                ],
                [
                    [
                        -294.46093104871477,
                        -438.47563231490125,
                        -0.5
                    ],
                    [
                        [
                            0.084307506680488586,
                            -0.94715893268585205,
                            0.30948683619499207,
                            0.0
                        ],
                        [
                            -0.49215734004974365,
                            -0.3096446692943573,
                            -0.81357312202453613,
                            0.0
                        ],
                        [
                            0.86641412973403931,
                            -0.083725884556770325,
                            -0.49225664138793945,
                            0.0
                        ],
                        [
                            0.0,
                            0.0,
                            0.0,
                            1.0
                        ]
                    ]
                ],
                [
                    [
                        -386.23650330535645,
                        -413.45909643674355,
                        -0.5
                    ],
                    [
                        [
                            0.4724334180355072,
                            -0.74363774061203003,
                            -0.4730851948261261,
                            0.0
                        ],
                        [
                            -0.67213189601898193,
                            -0.65119397640228271,
                            0.35239911079406738,
                            0.0
                        ],
                        [
                            -0.57012748718261719,
                            0.15149055421352386,
                            -0.80746841430664062,
                            0.0
                        ],
                        [
                            0.0,
                            0.0,
                            0.0,
                            1.0
                        ]
                    ]
                ],
                [
                    [
                        -315.90341742251684,
                        415.81305439398443,
                        -0.5
                    ],
                    [
                        [
                            0.48453202843666077,
                            -0.10295890271663666,
                            0.86869335174560547,
                            0.0
                        ],
                        [
                            -0.014612856321036816,
                            -0.99386352300643921,
                            -0.10964364558458328,
                            0.0
                        ],
                        [
                            0.87465143203735352,
                            0.04043177142739296,
                            -0.48306328058242798,
                            0.0
                        ],
                        [
                            0.0,
                            0.0,
                            0.0,
                            1.0
                        ]
                    ]
                ],
                [
                    [
                        -498.76760680674357,
                        -442.14835905459461,
                        -0.5
                    ],
                    [
                        [
                            0.71582978963851929,
                            -0.0018382389098405838,
                            -0.69827240705490112,
                            0.0
                        ],
                        [
                            0.018062220886349678,
                            -0.99961310625076294,
                            0.021147910505533218,
                            0.0
                        ],
                        [
                            -0.69804114103317261,
                            -0.027750652283430099,
                            -0.71551966667175293,
                            0.0
                        ],
                        [
                            0.0,
                            0.0,
                            0.0,
                            1.0
                        ]
                    ]
                ],
                [
                    [
                        -495.53601636398059,
                        359.91295142076939,
                        -0.5
                    ],
                    [
                        [
                            -0.24553515017032623,
                            -0.011768640950322151,
                            -0.96931624412536621,
                            0.0
                        ],
                        [
                            -0.056179694831371307,
                            -0.99807292222976685,
                            0.026348523795604706,
                            0.0
                        ],
                        [
                            -0.9677584171295166,
                            0.060925383120775223,
                            0.24440082907676697,
                            0.0
                        ],
                        [
                            0.0,
                            0.0,
                            0.0,
                            1.0
                        ]
                    ]
                ]
            ],
            "encapsulatingRadius": 90.0
        },
        "ext__IngredientC_1_1": {
            "compNum": 0,
            "results": [
                [
                    [
                        185.23940832084844,
                        455.28496740810527,
                        -0.5
                    ],
                    [
                        [
                            0.60213762505259438,
                            -0.79839230989283783,
                            0.0,
                            0.0
                        ],
                        [
                            0.79839230989283783,
                            0.60213762505259438,
                            0.0,
                            0.0
                        ],
                        [
                            0.0,
                            0.0,
                            1.0,
                            0.0
                        ],
                        [
                            0.0,
                            0.0,
                            0.0,
                            1.0
                        ]
                    ]
                ],
                [
                    [
                        180.46908717770475,
                        -4.2918532926242756,
                        -0.5
                    ],
                    [
                        [
                            -0.90899482964100509,
                            -0.41680738919304233,
                            0.0,
                            0.0
                        ],
                        [
                            0.41680738919304233,
                            -0.90899482964100509,
                            0.0,
                            0.0
                        ],
                        [
                            0.0,
                            0.0,
                            1.0,
                            0.0
                        ],
                        [
                            0.0,
                            0.0,
                            0.0,
                            1.0
                        ]
                    ]
                ],
                [
                    [
                        -423.77824942735771,
                        -114.47953138372415,
                        -0.5
                    ],
                    [
                        [
                            -0.99123917467380285,
                            -0.13207913761074508,
                            0.0,
                            0.0
                        ],
                        [
                            0.13207913761074508,
                            -0.99123917467380285,
                            0.0,
                            0.0
                        ],
                        [
                            0.0,
                            0.0,
                            0.99999999999999989,
                            0.0
                        ],
                        [
                            0.0,
                            0.0,
                            0.0,
                            1.0
                        ]
                    ]
                ]
            ],
            "encapsulatingRadius": 300.0
        },
        "ext__snake": {
            "compNum": 0,
            "nbCurve": 3,
            "curve1": [
                [
                    444.52590088377298,
                    -184.29396808047449,
                    -0.5
                ],
                [
                    486.864294900701,
                    -94.078834248907924,
                    -0.5
                ],
                [
                    480.14785457248837,
                    5.6953579518689281,
                    -0.5
                ],
                [
                    486.86830705359546,
                    105.46927998788583,
                    -0.5
                ],
                [
                    411.63491012705373,
                    171.34747051322904,
                    -0.5
                ],
                [
                    362.27472047313017,
                    258.31626766099174,
                    -0.5
                ],
                [
                    417.29584138080975,
                    341.81882004151782,
                    -0.5
                ],
                [
                    490.55503547210128,
                    409.88562899488716,
                    -0.5
                ],
                [
                    437.32933316988266,
                    494.5439104234373,
                    -0.5
                ],
                [
                    490.46990080302749,
                    409.8321634716292,
                    -0.5
                ]
            ],
            "curve0": [
                [
                    -7.2839803555690077,
                    -163.36276424091292,
                    -0.5
                ],
                [
                    47.715261135622967,
                    -163.36276424091292,
                    -0.5
                ]
            ],
            "results": [],
            "encapsulatingRadius": 100.0,
            "curve2": [
                [
                    -199.72408947016905,
                    442.14007980976874,
                    -0.5
                ],
                [
                    -116.50475583582781,
                    442.14007980976874,
                    -0.5
                ],
                [
                    -70.848818533001619,
                    353.17078516830043,
                    -0.5
                ],
                [
                    -115.09308983076014,
                    263.49110822123322,
                    -0.5
                ],
                [
                    -57.961211234004175,
                    181.41828416841085,
                    -0.5
                ],
                [
                    -100.39354435458222,
                    90.867209597513053,
                    -0.5
                ],
                [
                    -199.91059950496208,
                    81.051113927836028,
                    -0.5
                ],
                [
                    -262.1539766557068,
                    159.31836123391003,
                    -0.5
                ],
                [
                    -341.78467670528732,
                    219.8076297830811,
                    -0.5
                ],
                [
                    -433.70524976023262,
                    259.18539316865781,
                    -0.5
                ]
            ]
        }
    }
}