{"recipe":"autoPACKserver/recipes/NM_Analysis_FigureA1.0.json","exteriorRecipe":{"Sphere_radius_25r":{"compNum":0,"encapsulatingRadius":25,"results":[[[640.47067,-12.389201,0],[[0.59819204,0.7110489,0.36956155,0],[0.54114653,-0.018294557,-0.84072929,0],[-0.59103868,0.70290452,-0.3957253,0],[0,0,0,1]]],[[274.05641,170.05331,0],[[-0.41869511,-0.72143772,0.55156325,0],[-0.068141846,-0.58069296,-0.81126591,0],[0.90556673,-0.37725761,0.1939732,0],[0,0,0,1]]],[[521.8387,184.92652,0],[[0.18667777,0.06299655,0.98039933,0],[0.32481781,0.93786039,-0.12211171,0],[-0.92717032,0.34124671,0.15461529,0],[0,0,0,1]]],[[627.05431,409.23559,0],[[0.18361811,-0.13103396,-0.97422507,0],[-0.084474607,-0.98951277,0.11716873,0],[-0.97936124,0.06078298,-0.19276151,0],[0,0,0,1]]],[[884.37839,410.96351,0],[[-0.90573581,-0.39223587,-0.16060406,0],[0.032495484,-0.44207161,0.89639095,0],[-0.42259518,0.80667447,0.41314599,0],[0,0,0,1]]],[[44.700567,440.71781,0],[[0.69872638,0.15984508,-0.69730266,0],[0.70906804,-0.025455996,0.70468042,0],[0.094889168,-0.98681383,-0.13112782,0],[0,0,0,1]]],[[995.23035,438.87733,0],[[0.023823614,-0.95563589,-0.29358556,0],[0.9136474,0.14001984,-0.38163186,0],[0.4058089,-0.25914183,0.87645003,0],[0,0,0,1]]],[[466.80651,466.99767,0],[[-0.058885953,-0.73600723,0.67440774,0],[-0.47507256,-0.57351133,-0.66737607,0],[0.87797409,-0.35969168,-0.31588508,0],[0,0,0,1]]],[[705.38246,460.08715,0],[[0.5613366,0.72468113,-0.39967296,0],[-0.81647339,0.56381744,-0.12442306,0],[0.13517554,0.39616556,0.90817423,0],[0,0,0,1]]],[[951.21065,475.27717,0],[[-0.66014738,-0.73920503,0.13334677,0],[-0.55892874,0.60201822,0.57023918,0],[-0.50180085,0.30191056,-0.81058369,0],[0,0,0,1]]],[[-1.6548476,498.64982,0],[[0.35956733,-0.83637219,0.41375462,0],[0.43647304,-0.24115934,-0.86679493,0],[0.82474397,0.49226388,0.2783409,0],[0,0,0,1]]],[[154.54683,501.01784,0],[[0.98216253,0.16854542,-0.083361886,0],[-0.13910178,0.94957119,0.28100757,0],[0.12652059,-0.26439932,0.95607821,0],[0,0,0,1]]],[[45.252127,529.3176,0],[[-0.28459613,-0.53764206,-0.79369141,0],[-0.8721371,0.4889131,-0.018462333,0],[0.39797225,0.68695342,-0.60804036,0],[0,0,0,1]]],[[258.29447,524.72054,0],[[-0.83169051,0.55092606,0.069075056,0],[0.060426467,0.21347631,-0.97507769,0],[-0.5519416,-0.8067889,-0.21083674,0],[0,0,0,1]]],[[359.68425,525.99182,0],[[0.13430069,-0.14591214,0.98013926,0],[0.95938679,-0.22846683,-0.16546873,0],[0.24807321,0.96255522,0.10930292,0],[0,0,0,1]]],[[410.03877,520.97705,0],[[-0.92476453,-0.17185643,0.3395231,0],[-0.34555817,0.0055743538,-0.93838078,0],[0.15937415,-0.98510623,-0.064541359,0],[0,0,0,1]]],[[838.55229,529.87957,0],[[-0.47125044,-0.84561531,0.25071453,0],[-0.88198642,0.45025863,-0.13916582,0],[0.0047943663,-0.28670876,-0.95800579,0],[0,0,0,1]]],[[947.10606,533.74429,0],[[-0.010011431,-0.99994724,0.002299669,0],[-0.80834515,0.0067393006,-0.58867028,0],[0.58862373,-0.0077523584,-0.80836997,0],[0,0,0,1]]],[[-8.2584794,562.03659,0],[[0.78551355,0.59830626,-0.15810782,0],[0.18325479,-0.46891967,-0.86402085,0],[-0.59108895,0.64972606,-0.47798524,0],[0,0,0,1]]],[[37.673594,581.72979,0],[[-0.52964127,0.16805234,0.83140757,0],[0.13356677,-0.95142507,0.27739907,0],[0.83763957,0.25797042,0.48146777,0],[0,0,0,1]]],[[93.313956,589.87959,0],[[-0.69416739,0.0024294963,0.71980951,0],[0.11718295,-0.98627267,0.11633734,0],[0.71021109,0.16510699,0.68435363,0],[0,0,0,1]]],[[215.22955,590.15761,0],[[-0.69473203,0.37934614,-0.61110057,0],[0.54774122,0.82969162,-0.10766323,0],[0.4661834,-0.40952206,-0.78419686,0],[0,0,0,1]]],[[265.11474,587.26659,0],[[-0.70998809,-0.62440457,-0.32563145,0],[-0.66293181,0.74861383,0.0099369879,0],[0.23756751,0.22292659,-0.94544456,0],[0,0,0,1]]],[[329.07405,582.30174,0],[[0.12919404,-0.60568458,0.78514654,0],[0.98465011,-0.015350277,-0.17386353,0],[0.11735868,0.79555676,0.59440422,0],[0,0,0,1]]],[[615.11053,582.89265,0],[[-0.70247078,0.058970761,-0.70926529,0],[0.59841956,0.58839887,-0.5437654,0],[0.38526464,-0.80641752,-0.44862227,0],[0,0,0,1]]],[[788.1669,580.79609,0],[[-0.98946567,-0.1185307,-0.083115293,0],[0.12266067,-0.9913604,-0.046464177,0],[-0.076889779,-0.056169686,0.99545614,0],[0,0,0,1]]],[[846.16444,589.46711,0],[[0.6163812,-0.13639172,-0.77554594,0],[-0.2427479,0.90400824,-0.35191272,0],[0.7490979,0.40517454,0.52410488,0],[0,0,0,1]]],[[908.34406,585.43739,0],[[-0.36482499,-0.90688016,-0.21088171,0],[-0.78062552,0.17447823,0.60015094,0],[-0.50747072,0.3835697,-0.77158781,0],[0,0,0,1]]],[[-9.9375063,614.75186,0],[[0.81215846,0.33752518,-0.4758943,0],[0.57898168,-0.56686502,0.58604117,0],[-0.071964176,-0.75149238,-0.65580512,0],[0,0,0,1]]],[[535.6098,619.99584,0],[[0.36874292,0.91897266,-0.13970654,0],[-0.92080951,0.38167456,0.080214561,0],[0.12703742,0.099064557,0.98693855,0],[0,0,0,1]]],[[953.25093,609.37348,0],[[-0.19996997,0.697743,0.68787115,0],[-0.14831362,0.67240561,-0.72517154,0],[-0.96851179,-0.24703319,-0.030976136,0],[0,0,0,1]]],[[331.91492,641.93288,0],[[-0.16484048,-0.51505693,0.84115633,0],[-0.25990612,0.84536389,0.46669979,0],[-0.95146015,-0.14169066,-0.27321664,0],[0,0,0,1]]],[[381.81387,646.98399,0],[[-0.68830245,-0.082543351,0.72071238,0],[-0.62360152,0.57491261,-0.52971373,0],[-0.37062229,-0.81404059,-0.44718792,0],[0,0,0,1]]],[[483.00709,646.15601,0],[[0.27974152,-0.78571602,-0.55172005,0],[0.83922198,-0.07899954,0.53802002,0],[-0.46631658,-0.61352213,0.6372907,0],[0,0,0,1]]],[[584.98833,639.6884,0],[[0.60181613,0.79218433,0.10129824,0],[-0.20533688,0.030907945,0.97820318,0],[0.77178631,-0.60949872,0.18126556,0],[0,0,0,1]]],[[645.79823,624.09346,0],[[0.40666377,-0.26590957,-0.87402327,0],[-0.88095113,-0.36753067,-0.298071,0],[-0.24197043,0.89118646,-0.38371474,0],[0,0,0,1]]],[[701.88703,645.50408,0],[[0.70968615,-0.2992459,-0.63780676,0],[0.66773312,0.5744083,0.47348451,0],[0.22467319,-0.7619101,0.60746601,0],[0,0,0,1]]],[[764.56654,634.2884,0],[[-0.49006645,-0.12975474,-0.86197365,0],[-0.85771328,-0.10455938,0.50338381,0],[-0.15544386,0.98601777,-0.060051324,0],[0,0,0,1]]],[[822.59443,637.63928,0],[[0.59530235,0.7516009,-0.28409718,0],[-0.2389585,-0.17197095,-0.9556803,0],[-0.76714663,0.63680616,0.077226708,0],[0,0,0,1]]],[[878.36799,645.88099,0],[[0.23700742,-0.6732895,0.70036328,0],[0.45352535,0.71420857,0.53312369,0],[-0.85915204,0.19127824,0.47462659,0],[0,0,0,1]]]]},"Sphere_radius_25p":{"compNum":0,"encapsulatingRadius":25,"results":[[[641.25039,42.872293,0],[[-0.019033658,0.1797683,-0.98352482,0],[-0.99838452,0.049255435,0.02832412,0],[0.053535722,0.98247507,0.17854037,0],[0,0,0,1]]],[[214.62067,97.547211,0],[[-0.81019384,0.54821507,0.20747572,0],[-0.57993956,-0.8011373,-0.1478145,0],[0.085182403,-0.24008178,0.96700812,0],[0,0,0,1]]],[[985.93481,135.37662,0],[[-0.36663896,-0.74354276,-0.55921377,0],[-0.65469958,-0.22086034,0.72290329,0],[-0.66101765,0.63116153,-0.40582112,0],[0,0,0,1]]],[[62.060359,303.06083,0],[[0.96083894,0.064680594,-0.26945306,0],[-0.27019432,0.43452026,-0.85917819,0],[0.06151066,0.89833655,0.43498032,0],[0,0,0,1]]],[[562.89973,414.78249,0],[[0.51644935,0.79821965,0.31004107,0],[-0.81176859,0.57162511,-0.1194843,0],[-0.27260197,-0.18997401,0.94318505,0],[0,0,0,1]]],[[945.72558,418.46105,0],[[0.72442592,-0.093039751,0.68304516,0],[0.27254839,0.94877474,-0.15982451,0],[-0.63318596,0.30194388,0.71267485,0],[0,0,0,1]]],[[-7.8961224,438.66392,0],[[0.32923661,0.14154858,-0.93357766,0],[-0.94165116,-0.024049168,-0.33573014,0],[-0.06997389,0.98963915,0.12537151,0],[0,0,0,1]]],[[93.069807,471.07839,0],[[-0.13586845,0.31280877,-0.9400481,0],[-0.44842946,0.82666976,0.33989428,0],[0.88343126,0.46772617,0.027954327,0],[0,0,0,1]]],[[143.89631,452.33026,0],[[-0.092226671,0.00076202846,0.99573775,0],[0.82063873,0.5664278,0.075575265,0],[-0.56395595,0.82411101,-0.052865101,0],[0,0,0,1]]],[[202.28977,468.94623,0],[[0.69803418,0.2878844,0.65564537,0],[-0.10561273,-0.86421858,0.49190669,0],[0.70823318,-0.41261218,-0.57284985,0],[0,0,0,1]]],[[528.3949,475.9597,0],[[-0.27942317,0.83250533,-0.4783906,0],[-0.6457916,-0.53165357,-0.54799424,0],[-0.7105462,0.15581835,0.68618128,0],[0,0,0,1]]],[[588.40357,467.7622,0],[[0.87215438,-0.056207497,-0.48599121,0],[0.26023379,0.89448419,0.36356073,0],[0.41427662,-0.44355241,0.7947554,0],[0,0,0,1]]],[[645.99557,458.27519,0],[[-0.72902949,-0.59678091,0.33521419,0],[0.34921679,-0.74548893,-0.56770933,0],[0.58869656,-0.29681442,0.75188933,0],[0,0,0,1]]],[[764.41256,472.59197,0],[[-0.71013264,-0.68501002,0.16270497,0],[0.47409745,-0.29438932,0.8297991,0],[-0.52052209,0.66640543,0.53381697,0],[0,0,0,1]]],[[821.23255,475.52173,0],[[-0.12753967,0.98751638,0.092439299,0],[0.97322717,0.14257026,-0.18028477,0],[-0.19121326,0.066970977,-0.97926114,0],[0,0,0,1]]],[[877.3847,470.6725,0],[[0.65352983,-0.44161125,0.61471804,0],[0.52530781,-0.32007792,-0.7884173,0],[0.54493162,0.83817041,0.022801369,0],[0,0,0,1]]],[[992.34533,503.48385,0],[[0.5972223,-0.17438527,-0.78288907,0],[-0.78116141,0.094983622,-0.61706156,0],[0.18196809,0.98008565,-0.079496706,0],[0,0,0,1]]],[[101.02081,532.74253,0],[[-0.48116985,0.16007115,0.86188909,0],[-0.83749938,0.2065208,-0.50590903,0],[-0.25897946,-0.96525975,0.034687907,0],[0,0,0,1]]],[[201.3197,528.05746,0],[[-0.15538121,0.98201197,0.10728082,0],[0.80305195,0.06232118,0.59264124,0],[0.57529493,0.17823738,-0.79829016,0],[0,0,0,1]]],[[308.14377,524.76945,0],[[-0.83139011,0.42305505,-0.36029835,0],[0.43411605,0.089719392,-0.89637809,0],[-0.34689153,-0.90165118,-0.2582468,0],[0,0,0,1]]],[[474.34891,521.43567,0],[[0.29255271,-0.20166233,-0.9347434,0],[-0.84814521,-0.50619984,-0.15624153,0],[-0.44165893,0.83850702,-0.31912908,0],[0,0,0,1]]],[[525.76027,533.59498,0],[[-0.7634526,0.42360908,0.48754023,0],[0.040960067,0.78510178,-0.61801089,0],[-0.64456373,-0.45185234,-0.61673905,0],[0,0,0,1]]],[[582.76375,522.33369,0],[[0.58224363,-0.29904652,-0.75601821,0],[-0.6047435,-0.7808152,-0.15688509,0],[-0.54339457,0.54854244,-0.63547112,0],[0,0,0,1]]],[[644.56769,529.52941,0],[[0.3205555,-0.89954934,-0.29674089,0],[-0.83162018,-0.41724529,0.36648909,0],[-0.45348876,0.12929562,-0.88183365,0],[0,0,0,1]]],[[702.75513,513.33671,0],[[0.41027821,-0.49759887,-0.76424287,0],[-0.63570613,-0.75690853,0.15154928,0],[-0.6538727,0.42365651,-0.62686973,0],[0,0,0,1]]],[[763.51511,528.32528,0],[[0.36181387,-0.69007295,0.62680942,0],[0.84403609,0.52797366,0.094057913,0],[-0.39584569,0.49501831,0.77347467,0],[0,0,0,1]]],[[890.39018,532.02547,0],[[0.69673937,0.59677766,-0.3980084,0],[-0.10652652,-0.46261751,-0.88013473,0],[-0.70937039,0.65562296,-0.25875118,0],[0,0,0,1]]],[[151.02193,561.87218,0],[[0.52538975,0.83497225,-0.16366723,0],[0.80686463,-0.42786468,0.40730982,0],[0.27006497,-0.3460537,-0.89850528,0],[0,0,0,1]]],[[440.32698,562.13471,0],[[0.28664334,0.28383589,0.91502611,0],[-0.64748516,-0.64655871,0.40339163,0],[0.70611512,-0.70809535,-0.0015522212,0],[0,0,0,1]]],[[989.3186,561.01479,0],[[-0.77615941,-0.0077818162,0.63048871,0],[-0.57387825,0.42298216,-0.70124878,0],[-0.26122849,-0.90610459,-0.3327674,0],[0,0,0,1]]],[[387.95866,588.47494,0],[[0.64662659,0.7197477,-0.25266045,0],[-0.44148827,0.083010231,-0.89341894,0],[-0.62206283,0.68925507,0.37143679,0],[0,0,0,1]]],[[491.49835,586.04371,0],[[0.44212721,-0.16637829,-0.88138629,0],[-0.53920306,0.73596636,-0.40940638,0],[0.71678699,0.65625588,0.23567907,0],[0,0,0,1]]],[[562.6856,573.61489,0],[[-0.79523875,-0.13623225,-0.59079278,0],[0.46090448,0.49724265,-0.73506245,0],[0.39390658,-0.85684918,-0.33263657,0],[0,0,0,1]]],[[677.59754,579.91658,0],[[-0.65431497,-0.65371514,0.38016896,0],[-0.75467912,0.53236926,-0.38346108,0],[0.048284048,-0.53780991,-0.84168234,0],[0,0,0,1]]],[[733.81239,588.24972,0],[[-0.19147272,0.22652131,-0.95500068,0],[-0.31260158,-0.93640821,-0.15943627,0],[-0.93038618,0.26800702,0.25010754,0],[0,0,0,1]]],[[150.21068,619.9149,0],[[0.24974838,-0.96088874,-0.11966024,0],[-0.1575814,0.081596776,-0.98412909,0],[0.95540245,0.26464087,-0.13103953,0],[0,0,0,1]]],[[444.5317,613.95293,0],[[0.30477707,0.18007544,0.9352453,0],[-0.80853958,0.56789437,0.15414191,0],[-0.50336337,-0.80316176,0.31867931,0],[0,0,0,1]]],[[57.787922,642.73714,0],[[-0.79628255,0.57781129,-0.17907601,0],[-0.60270367,-0.78314445,0.15307858,0],[-0.05179185,0.22982357,0.97185325,0],[0,0,0,1]]],[[204.72805,647.01351,0],[[0.50604367,-0.057027677,0.8606205,0],[0.79385596,0.420908,-0.4388954,0],[-0.33721287,0.90530895,0.25826959,0],[0,0,0,1]]],[[272.41827,639.70274,0],[[0.28546945,0.65149166,-0.70289815,0],[-0.74708768,-0.30811934,-0.58900125,0],[-0.60030592,0.69326841,0.39876273,0],[0,0,0,1]]]]},"Sphere_radius_50":{"compNum":0,"encapsulatingRadius":50,"results":[[[-4.8587791,242.22617,0],[[-0.41458841,0.44334971,-0.79470591,0],[0.89279128,0.029088637,-0.44953041,0],[-0.17618227,-0.8958766,-0.40787857,0],[0,0,0,1]]],[[995.74362,244.86663,0],[[0.054296858,-0.49966582,0.86451485,0],[-0.83388616,-0.49893728,-0.23599885,0],[0.54925924,-0.70809297,-0.44375514,0],[0,0,0,1]]],[[522.84319,269.28564,0],[[0.82593322,-0.082248677,-0.55773602,0],[-0.19236081,-0.97104542,-0.14166197,0],[-0.5299355,0.22428988,-0.81784009,0],[0,0,0,1]]],[[753.1542,298.76558,0],[[-0.50916123,-0.49960226,0.70082268,0],[-0.84362953,0.45094178,-0.29144593,0],[-0.17042318,-0.73962767,-0.65108129,0],[0,0,0,1]]],[[612.84656,331.65059,0],[[0.1374518,-0.83285554,-0.53615171,0],[-0.83512497,-0.38850269,0.38939946,0],[-0.53260988,0.39423003,-0.74893885,0],[0,0,0,1]]],[[885.77507,331.75591,0],[[0.40583389,-0.7071975,0.57893916,0],[-0.85884103,-0.51172349,-0.023046945,0],[0.31255551,-0.48786347,-0.81504496,0],[0,0,0,1]]],[[4.0018754,360.7152,0],[[0.72813934,-0.14905061,0.66902692,0],[-0.072448741,-0.98733852,-0.14111634,0],[0.68158953,0.054282199,-0.72971855,0],[0,0,0,1]]],[[988.45337,354.3475,0],[[-0.28977363,0.70067441,0.65198667,0],[-0.32036578,-0.71292684,0.62377968,0],[0.90188525,-0.028119312,0.4310595,0],[0,0,0,1]]],[[99.507407,389.68867,0],[[-0.098218496,-0.0033785645,0.99515914,0],[0.81040465,0.58011029,0.081953391,0],[-0.57757894,0.81453093,-0.054239556,0],[0,0,0,1]]],[[200.55334,388.53262,0],[[0.13813109,0.987825,-0.071565168,0],[0.99027448,-0.13653801,0.026717477,0],[0.016620826,-0.074559674,-0.99707803,0],[0,0,0,1]]],[[493.95783,385.38404,0],[[0.31607758,-0.52276248,-0.79171608,0],[-0.19872478,-0.85246651,0.48353832,0],[-0.92768714,0.004497979,-0.37333141,0],[0,0,0,1]]],[[698.39287,384.92701,0],[[-0.92554534,0.37549288,0.04869214,0],[0.36509617,0.91911946,-0.14806822,0],[-0.10035246,-0.11926654,-0.98777775,0],[0,0,0,1]]],[[800.397,387.5258,0],[[-0.99822431,-0.031061149,-0.050827537,0],[0.015499467,0.68844972,-0.72511844,0],[0.057515216,-0.72461865,-0.68674581,0],[0,0,0,1]]],[[285.83928,445.2728,0],[[0.22619017,-0.96077141,-0.1604877,0],[0.85168635,0.11510871,0.51125369,0],[-0.4727244,-0.25232575,0.84431236,0],[0,0,0,1]]],[[386.87055,446.4695,0],[[0.72426644,-0.55395129,0.41058019,0],[-0.34048618,0.23046864,0.91156643,0],[-0.59958927,-0.80001385,-0.021692056,0],[0,0,0,1]]]]},"Sphere_radius_100":{"compNum":0,"encapsulatingRadius":100,"results":[[[764.26441,4.1157951,0],[[0.87805546,0.27136904,-0.39417946,0],[-0.42147619,0.048388854,-0.90554753,0],[-0.22666368,0.96125822,0.15686369,0],[0,0,0,1]]],[[965.12172,7.7555952,0],[[-0.17776112,-0.25020526,0.95173437,0],[0.72903081,-0.68310245,-0.043418088,0],[0.66099551,0.68612563,0.3038364,0],[0,0,0,1]]],[[648.59479,180.64729,0],[[-0.5373974,-0.660347,-0.52454349,0],[-0.54709931,-0.20035746,0.81273565,0],[-0.64178375,0.7237394,-0.25360381,0],[0,0,0,1]]],[[852.68861,185.88494,0],[[0.43377354,-0.8216476,-0.36977795,0],[0.57051114,0.56811158,-0.59309888,0],[0.69739341,0.04630816,0.71519088,0],[0,0,0,1]]],[[171.83057,241.21544,0],[[0.49090472,-0.36402678,-0.79151567,0],[0.51791871,-0.60861226,0.60112506,0],[-0.70055176,-0.7050359,-0.11023435,0],[0,0,0,1]]],[[372.80376,293.81381,0],[[0.77190184,0.46652116,0.43188605,0],[-0.5275018,0.090825413,0.84468491,0],[0.35483715,-0.8798345,0.31619905,0],[0,0,0,1]]]]},"Sphere_radius_200":{"compNum":0,"encapsulatingRadius":200,"results":[[[5.9604006,-10.113337,0],[[0.99784307,0.049948331,0.04259537,0],[-0.065619576,0.74108013,0.6682023,0],[0.0018090076,-0.66955613,0.74275926,0],[0,0,0,1]]],[[410.23865,-10.632136,0],[[0.038821128,-0.99887933,0.02707395,0],[0.96741685,0.030786755,-0.2513102,0],[0.25019505,0.035947941,0.96752787,0],[0,0,0,1]]]]}}}
