{"recipe":"autoPACKserver/recipes/NM_Analysis_FigureB1.0.json","exteriorRecipe":{"Sphere_radius_25r":{"compNum":0,"encapsulatingRadius":25,"results":[[[819.51991,864.29819,0],[[0.068799949,0.62759684,0.7754926,0],[0.11918733,-0.77693788,0.61819246,0],[0.99048521,0.049897284,-0.12825488,0],[0,0,0,1]]],[[63.509688,987.56992,0],[[0.22031098,0.69911959,0.68021679,0],[0.75745879,0.31676155,-0.57089255,0],[-0.61458868,0.64101008,-0.45976823,0],[0,0,0,1]]],[[785.709,521.32286,0],[[0.94197332,0.095766138,0.32173765,0],[0.20152588,-0.92784025,-0.31384677,0],[0.26846525,0.36047375,-0.89330011,0],[0,0,0,1]]],[[339.59753,207.16304,0],[[0.52326252,-0.31552474,-0.79160626,0],[-0.39187632,0.73578832,-0.55231196,0],[0.75672273,0.5992159,0.26136377,0],[0,0,0,1]]],[[218.98943,408.53087,0],[[-0.61547851,-0.78505831,0.069782962,0],[-0.76966467,0.61774499,0.16126819,0],[-0.16971301,0.045547623,-0.9844404,0],[0,0,0,1]]],[[835.17952,815.921,0],[[0.086054098,0.91797794,-0.38718367,0],[-0.93381879,0.20976764,0.28979303,0],[0.34724222,0.33662151,0.87527642,0],[0,0,0,1]]],[[85.742665,520.6569,0],[[0.16396242,-0.59285802,-0.78843877,0],[-0.93587295,0.15919117,-0.31432467,0],[0.31186239,0.78941595,-0.52873841,0],[0,0,0,1]]],[[243.96813,555.73419,0],[[0.89391101,-0.42645752,0.13804741,0],[-0.44158084,-0.89072553,0.10777005,0],[0.077003007,-0.15729593,-0.98454483,0],[0,0,0,1]]],[[852.30114,0.67262984,0],[[-0.85568484,-0.50922631,0.092152148,0],[0.065417771,-0.28308403,-0.95686151,0],[0.51334586,-0.8127435,0.27554317,0],[0,0,0,1]]],[[388.87375,943.31025,0],[[0.61889808,-0.15134661,-0.77075247,0],[0.78523918,0.14306958,0.60243715,0],[0.019094411,-0.97807224,0.20738877,0],[0,0,0,1]]],[[935.932,524.46112,0],[[-0.53477262,0.83846685,0.10484077,0],[-0.74611145,-0.52678481,0.40720445,0],[0.39665596,0.13953889,0.90729981,0],[0,0,0,1]]],[[314.47746,620.69363,0],[[0.9124963,-0.1610631,0.37604413,0],[-0.39344939,-0.59724263,0.6989269,0],[0.11201825,-0.78572254,-0.60835187,0],[0,0,0,1]]],[[197.70055,374.52222,0],[[0.54035341,0.81403266,0.21300006,0],[-0.8411455,0.51589635,0.16225045,0],[0.022191217,-0.26683662,0.96348626,0],[0,0,0,1]]],[[172.33944,774.98635,0],[[0.52196941,-0.36849827,0.76925741,0],[0.52357776,0.85038379,0.05209359,0],[-0.67336043,0.37557481,0.63681182,0],[0,0,0,1]]],[[903.48351,198.73711,0],[[-0.65243367,-0.64641282,-0.3955765,0],[0.17736045,0.37723994,-0.90897376,0],[0.73679955,-0.66320472,-0.13147598,0],[0,0,0,1]]],[[115.84683,84.588388,0],[[0.63601526,0.098233257,-0.76539847,0],[-0.75020606,0.31105324,-0.58346959,0],[0.18076355,0.94530213,0.27152979,0],[0,0,0,1]]],[[149.86921,121.36027,0],[[-0.96654208,0.088515034,-0.24075192,0],[-0.19534512,0.35428725,0.91450578,0],[0.16624285,0.93093804,-0.32514256,0],[0,0,0,1]]],[[698.11476,943.24792,0],[[-0.23935811,-0.50719737,0.82792423,0],[0.90332509,0.19629331,0.38140886,0],[-0.35596556,0.83917803,0.41117971,0],[0,0,0,1]]],[[552.69234,405.95711,0],[[0.68398847,0.28361528,0.67210278,0],[-0.66588399,0.61900511,0.41645069,0],[-0.29792327,-0.73238995,0.61224724,0],[0,0,0,1]]],[[883.70424,475.98535,0],[[-0.28890301,0.92917667,-0.23057705,0],[0.95584044,0.2663967,-0.1241042,0],[-0.053889766,-0.25624895,-0.96510744,0],[0,0,0,1]]],[[323.7494,421.07999,0],[[-0.48749396,0.77031185,0.41105873,0],[0.12717498,-0.40312422,0.90626563,0],[0.86381489,0.49407541,0.098556225,0],[0,0,0,1]]],[[43.763105,819.53842,0],[[-0.71852146,-0.53341676,-0.44631096,0],[-0.6777268,0.68114525,0.27699735,0],[0.15624756,0.50150544,-0.85092831,0],[0,0,0,1]]],[[119.2012,149.21598,0],[[0.10867193,0.24592082,-0.96317878,0],[-0.25576468,-0.92938118,-0.26614854,0],[-0.9606117,0.27526999,-0.038099786,0],[0,0,0,1]]],[[50.521192,627.94735,0],[[-0.57879018,0.62475983,0.52409644,0],[-0.5263668,-0.77709449,0.34505384,0],[0.62284823,-0.076153187,0.77862749,0],[0,0,0,1]]],[[311.35886,526.89438,0],[[0.30264203,0.41313794,0.8589091,0],[-0.66640745,-0.55254882,0.50059056,0],[0.68140216,-0.72388317,0.10809371,0],[0,0,0,1]]],[[954.03186,383.44537,0],[[0.77769588,-0.58967222,-0.2178894,0],[-0.62324121,-0.67789174,-0.38991433,0],[0.082216228,0.43903242,-0.89470164,0],[0,0,0,1]]],[[437.09375,958.00702,0],[[-0.534275,-0.84499558,-0.023080159,0],[-0.027105951,-0.010163904,0.99958089,0],[-0.84487602,0.53467669,-0.017474089,0],[0,0,0,1]]],[[119.98847,34.543275,0],[[-0.91023337,0.34914334,0.22265254,0],[-0.35356823,-0.93517258,0.021017842,0],[0.21555679,-0.059591721,0.97467128,0],[0,0,0,1]]],[[775.58434,410.73707,0],[[0.39142495,-0.58657089,-0.70902828,0],[-0.78399963,-0.61599333,0.076790647,0],[-0.48179985,0.52582014,-0.70098651,0],[0,0,0,1]]],[[2.9345761,505.81506,0],[[0.27987772,0.91113781,0.30248365,0],[0.060799431,-0.33126494,0.94157685,0],[0.9581085,-0.24513554,-0.14811034,0],[0,0,0,1]]],[[702.24086,323.71931,0],[[-0.91725895,-0.31614283,-0.24225962,0],[0.29758633,-0.94825425,0.11070795,0],[-0.26472324,0.029454706,0.96387449,0],[0,0,0,1]]],[[463.27432,333.86854,0],[[0.39364385,0.27950066,0.87574191,0],[0.50150128,0.7331077,-0.45940131,0],[-0.77041611,0.62002619,0.1484134,0],[0,0,0,1]]],[[805.30885,720.22653,0],[[0.65434318,0.72253459,-0.22311154,0],[-0.38557013,0.064974061,-0.92038799,0],[-0.6505157,0.68827475,0.32110309,0],[0,0,0,1]]],[[871.48189,55.844783,0],[[-0.96022844,0.12410422,0.25011895,0],[0.17512448,0.96538122,0.19331455,0],[-0.21746899,0.22942808,-0.94872019,0],[0,0,0,1]]],[[775.4672,665.86739,0],[[-0.93825356,-0.046325356,-0.34283263,0],[-0.15494237,0.94231389,0.29671096,0],[0.30931071,0.33150942,-0.89130712,0],[0,0,0,1]]],[[684.7595,814.99415,0],[[0.34024545,0.416018,0.84330425,0],[0.58214032,-0.79748236,0.15853878,0],[0.73847524,0.4369793,-0.5135206,0],[0,0,0,1]]],[[264.16369,372.93227,0],[[0.9913659,0.056985618,-0.11809439,0],[-0.09977991,0.91218053,-0.39745521,0],[0.085074171,0.40580699,0.9099907,0],[0,0,0,1]]],[[130.88501,752.35951,0],[[0.042400214,0.25833508,-0.96512445,0],[-0.98039177,-0.17530765,-0.089995582,0],[-0.19244272,0.9500159,0.2458365,0],[0,0,0,1]]],[[563.19161,353.56907,0],[[-0.037856711,0.99800487,0.050528732,0],[0.22223648,0.057707059,-0.97328354,0],[-0.97425757,-0.025615986,-0.22397769,0],[0,0,0,1]]],[[348.6036,159.9569,0],[[0.1606099,0.47405803,0.86572134,0],[-0.36989404,0.84209515,-0.39249734,0],[-0.91508626,-0.25718621,0.31060005,0],[0,0,0,1]]]]},"Sphere_radius_25p":{"compNum":0,"encapsulatingRadius":25,"results":[[[16.817143,549.30057,0],[[-0.89330071,0.44796908,-0.036572473,0],[0.4302867,0.82884665,-0.35758438,0],[-0.12987377,-0.33516703,-0.93316444,0],[0,0,0,1]]],[[107.42017,716.86944,0],[[-0.61442892,-0.78246171,-0.10114733,0],[0.75391192,-0.54448765,-0.36762756,0],[0.23258102,-0.30213718,0.92445616,0],[0,0,0,1]]],[[884.65686,566.49197,0],[[0.18871251,-0.58296561,0.7902776,0],[0.98137267,0.082458109,-0.17351758,0],[0.035989985,0.80830177,0.58766739,0],[0,0,0,1]]],[[70.883061,686.2589,0],[[0.12963287,-0.77706565,-0.61592556,0],[-0.86676887,0.21287443,-0.45099467,0],[0.48156727,0.59232884,-0.64594079,0],[0,0,0,1]]],[[892.54947,253.62361,0],[[-0.86720695,-0.44184515,-0.22961916,0],[0.33801455,-0.18373594,-0.92303156,0],[0.36564773,-0.87807401,0.30868718,0],[0,0,0,1]]],[[379.1948,243.54671,0],[[0.38169694,-0.040580562,0.92339627,0],[-0.7489239,0.57191072,0.3347105,0],[-0.54168296,-0.81931151,0.18790482,0],[0,0,0,1]]],[[420.17569,914.89994,0],[[-0.41902882,0.30815051,-0.8540832,0],[-0.37593487,0.79735356,0.47212315,0],[0.82649127,0.51891287,-0.2182696,0],[0,0,0,1]]],[[173.22451,469.29867,0],[[0.32017751,0.77042078,-0.55130588,0],[-0.92604223,0.37727121,-0.0105936,0],[0.19983031,0.51392436,0.83423594,0],[0,0,0,1]]],[[261.85232,429.05511,0],[[-0.20919446,0.66264425,-0.71912466,0],[-0.55964019,0.52192727,0.64373502,0],[0.80189808,0.53711686,0.26165807,0],[0,0,0,1]]],[[211.89042,489.44898,0],[[-0.76816817,0.63558355,0.077144078,0],[0.12893651,0.03554835,0.99101549,0],[0.6271308,0.77121324,-0.10925703,0],[0,0,0,1]]],[[602.54411,858.02124,0],[[0.97905537,0.20035208,0.036188831,0],[-0.14422583,0.55705894,0.81785344,0],[0.14369932,-0.80594316,0.57428749,0],[0,0,0,1]]],[[325.36175,367.20586,0],[[-0.54876931,-0.063566415,0.83355357,0],[-0.33961747,-0.89416281,-0.29177533,0],[0.76387971,-0.4432067,0.46910085,0],[0,0,0,1]]],[[45.576497,511.14866,0],[[0.23968471,-0.48372607,0.84176026,0],[0.81879828,-0.36515029,-0.44298379,0],[0.52165181,0.79540829,0.30855313,0],[0,0,0,1]]],[[883.5974,645.257,0],[[0.87753579,0.33979709,0.33833248,0],[-0.43879035,0.85358422,0.28081491,0],[-0.19337517,-0.39488216,0.89815039,0],[0,0,0,1]]],[[900.82191,19.524242,0],[[-0.15416987,0.94697534,-0.28190311,0],[0.44282372,0.32127858,0.83707062,0],[0.88325467,0.0042176897,-0.46887462,0],[0,0,0,1]]],[[171.94124,631.35269,0],[[-0.17230717,-0.0453649,0.9839981,0],[0.43567516,0.89241055,0.11743322,0],[-0.88345764,0.44893812,-0.13400438,0],[0,0,0,1]]],[[979.09487,563.07593,0],[[-0.64773605,-0.20274367,-0.73439295,0],[-0.18183851,-0.89494172,0.40744825,0],[-0.73984644,0.39745984,0.54281941,0],[0,0,0,1]]],[[594.88413,424.51369,0],[[0.94565358,0.041556257,-0.3225095,0],[0.13092994,-0.95651121,0.26066004,0],[-0.2976519,-0.28872025,-0.90996921,0],[0,0,0,1]]],[[308.66359,326.99214,0],[[0.57361065,0.56492546,-0.59315264,0],[0.75010062,-0.071314188,0.65746737,0],[0.32911986,-0.82205445,-0.46465752,0],[0,0,0,1]]],[[751.91119,736.60226,0],[[-0.4301908,-0.60273986,0.67204206,0],[-0.78824866,0.61365065,0.045792352,0],[-0.43999992,-0.5100368,-0.73909575,0],[0,0,0,1]]],[[399.92181,330.24387,0],[[0.13732837,0.2810569,-0.94981469,0],[-0.90176922,0.4322107,-0.0024875384,0],[0.40982093,0.85685526,0.31280325,0],[0,0,0,1]]],[[816.27416,49.886388,0],[[0.23538653,0.86847706,-0.43628061,0],[0.41523099,-0.49572674,-0.76278321,0],[-0.87873569,-0.0016083396,-0.47730599,0],[0,0,0,1]]],[[695.13846,854.51832,0],[[-0.52630858,-0.50433623,-0.68457596,0],[0.41092498,0.55398092,-0.7240482,0],[0.74440576,-0.66238214,-0.084320556,0],[0,0,0,1]]],[[98.955166,598.19117,0],[[0.97423098,0.18358361,-0.13103838,0],[0.22354118,-0.70846679,0.66940581,0],[0.030055595,-0.68144836,-0.73124879,0],[0,0,0,1]]],[[253.16055,614.24891,0],[[0.02790907,-0.69072183,-0.72258178,0],[-0.97805061,-0.16819113,0.12299895,0],[-0.20648991,0.70328877,-0.68025497,0],[0,0,0,1]]],[[731.10767,496.67896,0],[[-0.29620369,-0.057263956,-0.95340663,0],[-0.5960868,0.79102752,0.13768076,0],[0.74628674,0.60909466,-0.26843956,0],[0,0,0,1]]],[[378.07114,986.09954,0],[[0.13902073,-0.87456224,0.46455798,0],[0.46771677,0.47148024,0.74762785,0],[-0.872877,0.11334579,0.47459296,0],[0,0,0,1]]],[[128.44932,660.00623,0],[[0.69905577,-0.21889047,-0.68074077,0],[0.57855492,-0.38633412,0.71834542,0],[-0.42023235,-0.89600944,-0.14342894,0],[0,0,0,1]]],[[89.573961,752.91263,0],[[-0.66880957,0.23302661,0.70596909,0],[-0.4419629,-0.88820811,-0.1255195,0],[0.59779809,-0.39596078,0.69703121,0],[0,0,0,1]]],[[776.97533,26.842501,0],[[-0.91188572,0.22383663,0.34403719,0],[-0.10984236,0.67454717,-0.73001423,0],[-0.39547324,-0.70347941,-0.59052319,0],[0,0,0,1]]],[[313.92258,568.62266,0],[[-0.092555831,0.21102848,-0.97308807,0],[-0.38787569,-0.90772522,-0.15996056,0],[-0.91705282,0.36263193,0.16586808,0],[0,0,0,1]]],[[653.00889,353.75112,0],[[-0.80587575,-0.24250497,0.54014406,0],[-0.24692919,-0.69149608,-0.67886608,0],[0.5381359,-0.68045905,0.49737837,0],[0,0,0,1]]],[[742.94922,359.59353,0],[[-0.87483635,-0.16867558,-0.4541034,0],[0.37388448,-0.83116061,-0.41156098,0],[-0.30801257,-0.52983072,0.7901947,0],[0,0,0,1]]],[[807.44032,382.93738,0],[[0.41793534,0.64107411,0.64370338,0],[-0.83967562,0.002098002,0.54308421,0],[0.34680673,-0.76747611,0.53917113,0],[0,0,0,1]]],[[420.49017,826.59463,0],[[0.56553195,-0.77950066,-0.2693554,0],[-0.62034751,-0.61727139,0.48388531,0],[-0.54345431,-0.10655865,-0.83264799,0],[0,0,0,1]]],[[186.29591,879.2377,0],[[0.49240347,-0.38821735,0.77899044,0],[0.41193801,-0.6844728,-0.6015015,0],[0.7667111,0.6170772,-0.1771153,0],[0,0,0,1]]],[[826.20946,579.97335,0],[[0.70390985,0.68951908,0.17051207,0],[-0.68701398,0.59998376,0.40991619,0],[0.18034056,-0.40568822,0.89604372,0],[0,0,0,1]]],[[856.2099,606.49617,0],[[0.32164953,-0.23450546,0.91735967,0],[0.76268347,-0.5099826,-0.39778344,0],[0.56111986,0.82760192,0.014817771,0],[0,0,0,1]]],[[277.08558,501.61978,0],[[0.90668109,0.41639966,-0.067384973,0],[0.091349133,-0.037871895,0.99509852,0],[0.41180668,-0.90839256,-0.072375479,0],[0,0,0,1]]],[[738.00493,289.32019,0],[[-0.15719595,-0.54331602,0.82468002,0],[0.98266722,-0.16913735,0.075879459,0],[0.098257665,0.82231397,0.56048654,0],[0,0,0,1]]]]},"Sphere_radius_50":{"compNum":0,"encapsulatingRadius":50,"results":[[[806.86722,305.80988,0],[[0.27638201,0.65434609,-0.70387796,0],[-0.035207605,0.73880901,0.67299456,0],[0.96040273,-0.16122173,0.22723147,0],[0,0,0,1]]],[[165.46042,559.21326,0],[[-0.92954408,0.33256204,0.15921777,0],[0.36870841,0.84002595,0.39800819,0],[-0.0013846444,0.42867109,-0.90345956,0],[0,0,0,1]]],[[419.80991,401.75279,0],[[-0.74628946,-0.087692888,0.65981967,0],[0.14454499,0.94627693,0.28925199,0],[-0.64973748,0.31123934,-0.69352093,0],[0,0,0,1]]],[[967.31483,646.23115,0],[[-0.31287373,0.53201283,-0.78681153,0],[-0.90513833,-0.41803673,0.077265137,0],[-0.28781007,0.7363475,0.61233791,0],[0,0,0,1]]],[[701.27738,422.76546,0],[[-0.087008763,0.96879118,-0.23210586,0],[0.69836746,0.22546986,0.67929833,0],[0.71043111,-0.10299028,-0.69619009,0],[0,0,0,1]]],[[115.84508,828.53061,0],[[-0.067473831,-0.83857812,-0.54058673,0],[0.84142455,0.24333142,-0.48248787,0],[0.53614551,-0.48741825,0.68918172,0],[0,0,0,1]]],[[488.31339,885.24189,0],[[0.043591776,0.63907632,-0.76790703,0],[0.29810871,0.72530042,0.6205405,0],[0.95353603,-0.25597023,-0.15889708,0],[0,0,0,1]]],[[211.76196,697.59943,0],[[-0.26665392,-0.52312161,-0.80946863,0],[0.5235644,0.62652291,-0.57736415,0],[0.80918231,-0.57776537,0.10682307,0],[0,0,0,1]]],[[957.29943,282.82227,0],[[-0.65044637,-0.37216774,0.66212589,0],[0.43903055,0.52714066,0.72758154,0],[-0.61981586,0.76394627,-0.17948373,0],[0,0,0,1]]],[[126.35961,934.51402,0],[[0.12577152,0.58241235,-0.80310484,0],[0.98795974,-1.351347e-05,0.15471122,0],[0.090094873,-0.81289351,-0.57540165,0],[0,0,0,1]]],[[64.757171,236.73782,0],[[0.89862622,0.38210863,-0.21555487,0],[-0.39548331,0.49287089,-0.77502983,0],[-0.18990486,0.78171048,0.5940243,0],[0,0,0,1]]],[[871.48953,752.74647,0],[[-0.99356791,-0.079229712,0.080904016,0],[0.077798926,0.041528343,0.99610377,0],[-0.082280825,0.99599099,-0.035097243,0],[0,0,0,1]]],[[764.5546,808.50009,0],[[0.96216433,0.26595737,-0.059215617,0],[-0.25192856,0.78558055,-0.56515059,0],[-0.10378733,0.55868585,0.82285984,0],[0,0,0,1]]],[[786.38882,930.76527,0],[[0.24261208,0.46777442,0.84989792,0],[-0.40296032,0.8455122,-0.35033141,0],[-0.88247513,-0.2574805,0.393626,0],[0,0,0,1]]],[[879.54375,390.91878,0],[[0.82775835,-0.11940907,-0.54823132,0],[-0.066680839,0.94923167,-0.30742952,0],[0.55710841,0.29103388,0.77777214,0],[0,0,0,1]]]]},"Sphere_radius_100":{"compNum":0,"encapsulatingRadius":100,"results":[[[251.02034,37.580814,0],[[-0.93968702,0.22124797,0.26084026,0],[-0.31951967,-0.83994854,-0.43862698,0],[0.12204706,-0.49551567,0.85998182,0],[0,0,0,1]]],[[220.9989,237.2951,0],[[-0.86462271,0.38441591,-0.32349957,0],[0.40343802,0.91496292,0.0089787893,0],[0.2994417,-0.12274876,-0.94618572,0],[0,0,0,1]]],[[951.6865,896.77278,0],[[0.31471451,0.16182973,0.93528921,0],[0.47820438,0.82413796,-0.30350813,0],[-0.81992399,0.54277782,0.18198049,0],[0,0,0,1]]],[[297.50669,823.60187,0],[[0.79832473,-0.08938347,-0.59555707,0],[-0.20972423,-0.96828343,-0.13580479,0],[-0.56452934,0.23331907,-0.79175049,0],[0,0,0,1]]],[[984.46581,109.15855,0],[[0.34482812,0.70340142,-0.62154647,0],[-0.26540576,-0.56207711,-0.78334482,0],[-0.9003629,0.43508133,-0.0071332074,0],[0,0,0,1]]],[[77.350179,395.27185,0],[[0.13550185,-0.97129942,0.19549088,0],[0.16501978,0.21667958,0.96219459,0],[-0.97693793,-0.098119286,0.1896441,0],[0,0,0,1]]]]},"Sphere_radius_200":{"compNum":0,"encapsulatingRadius":200,"results":[[[575.10586,130.6888,0],[[-0.11230524,0.49320798,0.86263168,0],[0.85274305,0.49349848,-0.17113895,0],[-0.51011452,0.71638338,-0.47600214,0],[0,0,0,1]]],[[540.17288,638.73039,0],[[0.43440084,0.72502567,0.53444708,0],[0.50490348,0.29536005,-0.81107023,0],[-0.74590105,0.62217379,-0.23776333,0],[0,0,0,1]]]]}}}
