{
 "recipe":"/Users/mac/Documents/OLSON/Models/insulin_secretory_granule/ludoopmmodel/RECIPE_ISG_5.json",
 "Sphere1000_100_surfaceRecipe":{
  "60S_acidic_ribosomal_protein_P":{
   "compNum":1,
   "encapsulatingRadius":15.011832,
   "results":[
    [
     [
      -791.68117,
      -385.84425,
      570.63822
     ],
     [
      [
       -0.77833962,
       -0.14446189,
       -0.61099774,
       0
      ],
      [
       -0.38789392,
       0.87586731,
       0.28704485,
       0
      ],
      [
       0.4936859,
       0.46042073,
       -0.73775804,
       0
      ],
      [
       0,
       0,
       0,
       1
      ]
     ]
    ],
    [
     [
      365.35924,
      -879.91582,
      283.97479
     ],
     [
      [
       0.33955646,
       0.67199582,
       -0.65812081,
       0
      ],
      [
       -0.87109435,
       0.48861697,
       0.049478576,
       0
      ],
      [
       0.35481843,
       0.55648452,
       0.75128478,
       0
      ],
      [
       0,
       0,
       0,
       1
      ]
     ]
    ],
    [
     [
      -901.96187,
      -459.71149,
      -241.73392
     ],
     [
      [
       -0.82086623,
       -0.027642524,
       -0.57045114,
       0
      ],
      [
       -0.45039657,
       -0.58282912,
       0.6763528,
       0
      ],
      [
       -0.35117164,
       0.81212449,
       0.46597463,
       0
      ],
      [
       0,
       0,
       0,
       1
      ]
     ]
    ]
   ]
  },
  "RCG41580__isoform_CRA_a_Riboso":{
   "compNum":1,
   "encapsulatingRadius":16.116235,
   "results":[]
  },
  "60S_ribosomal_protein_L12":{
   "compNum":1,
   "encapsulatingRadius":17.283948,
   "results":[
    [
     [
      -547.20544,
      835.38697,
      -123.0898
     ],
     [
      [
       -0.43968326,
       0.89363605,
       0.089962371,
       0
      ],
      [
       0.88173687,
       0.44853923,
       -0.14612541,
       0
      ],
      [
       -0.1709346,
       0.015074264,
       -0.98516709,
       0
      ],
      [
       0,
       0,
       0,
       1
      ]
     ]
    ],
    [
     [
      -762.94471,
      -465.66733,
      -555.13828
     ],
     [
      [
       -0.78511864,
       0.47215739,
       0.4008193,
       0
      ],
      [
       -0.42674014,
       0.056628793,
       -0.90259957,
       0
      ],
      [
       -0.44886699,
       -0.87969345,
       0.15702818,
       0
      ],
      [
       0,
       0,
       0,
       1
      ]
     ]
    ],
    [
     [
      -488.30612,
      44.963938,
      907.25978
     ],
     [
      [
       -0.27708042,
       0.4438886,
       0.85216749,
       0
      ],
      [
       0.081625305,
       -0.87281197,
       0.48118252,
       0
      ],
      [
       0.95737332,
       0.20288469,
       0.20560658,
       0
      ],
      [
       0,
       0,
       0,
       1
      ]
     ]
    ],
    [
     [
      -852.31827,
      98.468572,
      474.64618
     ],
     [
      [
       -0.8793332,
       0.42247304,
       0.21974926,
       0
      ],
      [
       0.10026126,
       -0.2868681,
       0.95270896,
       0
      ],
      [
       0.46553293,
       0.85978091,
       0.20989497,
       0
      ],
      [
       0,
       0,
       0,
       1
      ]
     ]
    ],
    [
     [
      -830.25273,
      466.99018,
      53.932314
     ],
     [
      [
       -0.81092447,
       0.51635385,
       -0.275282,
       0
      ],
      [
       0.57890654,
       0.77649105,
       -0.24885507,
       0
      ],
      [
       0.085256703,
       -0.36116526,
       -0.92859626,
       0
      ],
      [
       0,
       0,
       0,
       1
      ]
     ]
    ],
    [
     [
      482.24148,
      162.06964,
      862.73821
     ],
     [
      [
       0.46168151,
       0.68528664,
       -0.56323385,
       0
      ],
      [
       0.18009403,
       0.5493167,
       0.81597632,
       0
      ],
      [
       0.86857152,
       -0.47815621,
       0.13019332,
       0
      ],
      [
       0,
       0,
       0,
       1
      ]
     ]
    ],
    [
     [
      -425.23942,
      -687.72148,
      600.55417
     ],
     [
      [
       -0.44921786,
       0.15063335,
       0.88063216,
       0
      ],
      [
       -0.73538911,
       -0.62208742,
       -0.26871929,
       0
      ],
      [
       0.50735211,
       -0.7683208,
       0.3902269,
       0
      ],
      [
       0,
       0,
       0,
       1
      ]
     ]
    ],
    [
     [
      297.83518,
      143.6234,
      918.09683
     ],
     [
      [
       0.31275806,
       -0.82696277,
       0.46724194,
       0
      ],
      [
       0.13465419,
       -0.44834897,
       -0.88365799,
       0
      ],
      [
       0.94023973,
       0.33928725,
       -0.028870774,
       0
      ],
      [
       0,
       0,
       0,
       1
      ]
     ]
    ],
    [
     [
      774.08139,
      596.82355,
      -136.20287
     ],
     [
      [
       0.8296352,
       -0.52875,
       -0.17924544,
       0
      ],
      [
       0.54726601,
       0.70664895,
       0.44849437,
       0
      ],
      [
       -0.11047783,
       -0.47018164,
       0.8756277,
       0
      ],
      [
       0,
       0,
       0,
       1
      ]
     ]
    ],
    [
     [
      -119.09517,
      -498.78049,
      -824.00851
     ],
     [
      [
       -0.11800113,
       -0.64742309,
       0.75294024,
       0
      ],
      [
       -0.43824345,
       0.71435505,
       0.54556346,
       0
      ],
      [
       -0.8910771,
       -0.26559404,
       -0.3680236,
       0
      ],
      [
       0,
       0,
       0,
       1
      ]
     ]
    ],
    [
     [
      -374.83491,
      615.05013,
      -752.43078
     ],
     [
      [
       -0.367331,
       0.43289459,
       -0.82320726,
       0
      ],
      [
       0.66430604,
       -0.49736014,
       -0.55796975,
       0
      ],
      [
       -0.65097255,
       -0.75182122,
       -0.10487872,
       0
      ],
      [
       0,
       0,
       0,
       1
      ]
     ]
    ],
    [
     [
      -158.89964,
      -965.12913,
      -312.41252
     ],
     [
      [
       -0.16173251,
       0.099979177,
       0.98175699,
       0
      ],
      [
       -0.94310689,
       0.27720445,
       -0.18359505,
       0
      ],
      [
       -0.29050305,
       -0.95559502,
       0.049458042,
       0
      ],
      [
       0,
       0,
       0,
       1
      ]
     ]
    ],
    [
     [
      41.845454,
      -485.33332,
      -838.10147
     ],
     [
      [
       0.015177262,
       0.74051464,
       0.6718688,
       0
      ],
      [
       -0.50477344,
       0.58571041,
       -0.63415062,
       0
      ],
      [
       -0.86311835,
       -0.32951692,
       0.38268164,
       0
      ],
      [
       0,
       0,
       0,
       1
      ]
     ]
    ],
    [
     [
      216.80436,
      -294.91146,
      978.69785
     ],
     [
      [
       0.22336434,
       0.68140948,
       0.69698596,
       0
      ],
      [
       -0.24455118,
       -0.65300536,
       0.71678358,
       0
      ],
      [
       0.94355875,
       -0.33055264,
       0.020781389,
       0
      ],
      [
       0,
       0,
       0,
       1
      ]
     ]
    ],
    [
     [
      -232.05164,
      -563.44278,
      -784.83007
     ],
     [
      [
       -0.28965285,
       -0.64218497,
       0.70971811,
       0
      ],
      [
       -0.57572949,
       0.70925927,
       0.40680087,
       0
      ],
      [
       -0.76461548,
       -0.29077467,
       -0.57516384,
       0
      ],
      [
       0,
       0,
       0,
       1
      ]
     ]
    ],
    [
     [
      487.50783,
      565.34632,
      -705.90816
     ],
     [
      [
       0.47222602,
       0.15035884,
       0.86855906,
       0
      ],
      [
       0.48711076,
       0.77671474,
       -0.3992961,
       0
      ],
      [
       -0.73466027,
       0.61164248,
       0.29354346,
       0
      ],
      [
       0,
       0,
       0,
       1
      ]
     ]
    ],
    [
     [
      -955.61604,
      -31.422961,
      -84.286726
     ],
     [
      [
       -0.99838483,
       0.033681151,
       0.045751903,
       0
      ],
      [
       -0.048910256,
       -0.91927612,
       -0.39056265,
       0
      ],
      [
       0.028904025,
       -0.39216959,
       0.91943872,
       0
      ],
      [
       0,
       0,
       0,
       1
      ]
     ]
    ],
    [
     [
      -949.45778,
      -81.159985,
      -396.73832
     ],
     [
      [
       -0.94374424,
       -0.21780476,
       -0.24881279,
       0
      ],
      [
       -0.073361434,
       -0.59577972,
       0.79979038,
       0
      ],
      [
       -0.32243577,
       0.77305084,
       0.54628521,
       0
      ],
      [
       0,
       0,
       0,
       1
      ]
     ]
    ],
    [
     [
      -725.04417,
      617.58379,
      296.09351
     ],
     [
      [
       -0.76325411,
       0.45493254,
       -0.4587805,
       0
      ],
      [
       0.51042485,
       0.85991514,
       0.0035299775,
       0
      ],
      [
       0.39611819,
       -0.23147868,
       -0.88854259,
       0
      ],
      [
       0,
       0,
       0,
       1
      ]
     ]
    ],
    [
     [
      -519.22859,
      -123.03348,
      895.40736
     ],
     [
      [
       -0.61931783,
       -0.4551169,
       0.63977653,
       0
      ],
      [
       -0.048797388,
       -0.79096895,
       -0.60990733,
       0
      ],
      [
       0.78362244,
       -0.40894595,
       0.46765265,
       0
      ],
      [
       0,
       0,
       0,
       1
      ]
     ]
    ],
    [
     [
      -598.75933,
      717.55631,
      238.21842
     ],
     [
      [
       -0.64510608,
       -0.38734427,
       0.65863681,
       0
      ],
      [
       0.71479905,
       -0.61052042,
       0.34106758,
       0
      ],
      [
       0.27000067,
       0.69081777,
       0.67072386,
       0
      ],
      [
       0,
       0,
       0,
       1
      ]
     ]
    ],
    [
     [
      -838.57588,
      -461.06691,
      -201.48069
     ],
     [
      [
       -0.87128127,
       0.45871642,
       -0.17449373,
       0
      ],
      [
       -0.47312266,
       -0.8795681,
       0.050148461,
       0
      ],
      [
       -0.13047516,
       0.12625037,
       0.98338044,
       0
      ],
      [
       0,
       0,
       0,
       1
      ]
     ]
    ],
    [
     [
      494.82631,
      -471.38681,
      735.17518
     ],
     [
      [
       0.44254616,
       0.84262782,
       -0.30680811,
       0
      ],
      [
       -0.56051415,
       0.52698588,
       0.63883466,
       0
      ],
      [
       0.69998348,
       -0.1107436,
       0.70552039,
       0
      ],
      [
       0,
       0,
       0,
       1
      ]
     ]
    ],
    [
     [
      463.06625,
      368.77357,
      771.88986
     ],
     [
      [
       0.41897988,
       -0.084192298,
       -0.90408379,
       0
      ],
      [
       0.37975511,
       0.92067397,
       0.090252817,
       0
      ],
      [
       0.82476777,
       -0.38114455,
       0.41771629,
       0
      ],
      [
       0,
       0,
       0,
       1
      ]
     ]
    ],
    [
     [
      -761.85425,
      -380.97528,
      449.31661
     ],
     [
      [
       -0.7280817,
       -0.24172892,
       -0.6414547,
       0
      ],
      [
       -0.48962703,
       0.83829653,
       0.23984231,
       0
      ],
      [
       0.47975242,
       0.48869836,
       -0.72870541,
       0
      ],
      [
       0,
       0,
       0,
       1
      ]
     ]
    ],
    [
     [
      -468.50423,
      -225.37331,
      824.22036
     ],
     [
      [
       -0.50878447,
       0.74258447,
       0.43555322,
       0
      ],
      [
       -0.16786383,
       -0.58179349,
       0.79582542,
       0
      ],
      [
       0.84436965,
       0.33178997,
       0.42066059,
       0
      ],
      [
       0,
       0,
       0,
       1
      ]
     ]
    ],
    [
     [
      937.85597,
      -285.12901,
      275.2404
     ],
     [
      [
       0.87743586,
       -0.29312268,
       -0.3797175,
       0
      ],
      [
       -0.30081251,
       0.28037256,
       -0.9115389,
       0
      ],
      [
       0.37365508,
       0.91404068,
       0.15783395,
       0
      ],
      [
       0,
       0,
       0,
       1
      ]
     ]
    ],
    [
     [
      52.074217,
      -517.12293,
      866.90248
     ],
     [
      [
       0.051594965,
       -0.62371343,
       -0.77994847,
       0
      ],
      [
       -0.49326158,
       0.66315985,
       -0.56294942,
       0
      ],
      [
       0.86834961,
       0.41376394,
       -0.2734381,
       0
      ],
      [
       0,
       0,
       0,
       1
      ]
     ]
    ],
    [
     [
      843.07811,
      -615.80368,
      -103.30445
     ],
     [
      [
       0.78855819,
       -0.53085792,
       0.3104285,
       0
      ],
      [
       -0.60232466,
       -0.56492513,
       0.56397212,
       0
      ],
      [
       -0.1240202,
       -0.63170362,
       -0.76522517,
       0
      ],
      [
       0,
       0,
       0,
       1
      ]
     ]
    ],
    [
     [
      -567.40916,
      -815.40362,
      4.2080196
     ],
     [
      [
       -0.59308642,
       0.36107579,
       -0.71963382,
       0
      ],
      [
       -0.8033213,
       -0.20535535,
       0.55902064,
       0
      ],
      [
       0.05406817,
       0.90964466,
       0.41185334,
       0
      ],
      [
       0,
       0,
       0,
       1
      ]
     ]
    ],
    [
     [
      -533.70125,
      756.96366,
      470.22588
     ],
     [
      [
       -0.59586662,
       -0.33432379,
       0.73018539,
       0
      ],
      [
       0.6908502,
       -0.67698669,
       0.25380105,
       0
      ],
      [
       0.40947407,
       0.65568024,
       0.63436139,
       0
      ],
      [
       0,
       0,
       0,
       1
      ]
     ]
    ],
    [
     [
      -232.8663,
      613.54185,
      799.60886
     ],
     [
      [
       -0.26075715,
       -0.63809574,
       -0.72445816,
       0
      ],
      [
       0.5152896,
       0.5425908,
       -0.66337907,
       0
      ],
      [
       0.81638366,
       -0.54628652,
       0.18731973,
       0
      ],
      [
       0,
       0,
       0,
       1
      ]
     ]
    ],
    [
     [
      -678.30771,
      749.64775,
      -127.31531
     ],
     [
      [
       -0.68514216,
       0.48464927,
       -0.54377878,
       0
      ],
      [
       0.71718687,
       0.31829867,
       -0.61994278,
       0
      ],
      [
       -0.12737077,
       -0.81473988,
       -0.56566381,
       0
      ],
      [
       0,
       0,
       0,
       1
      ]
     ]
    ],
    [
     [
      362.97861,
      -627.01585,
      -705.75951
     ],
     [
      [
       0.34514996,
       -0.74965596,
       -0.5647012,
       0
      ],
      [
       -0.78969818,
       -0.55711186,
       0.25691089,
       0
      ],
      [
       -0.50719649,
       0.35727072,
       -0.78428906,
       0
      ],
      [
       0,
       0,
       0,
       1
      ]
     ]
    ],
    [
     [
      824.01275,
      -652.32001,
      -27.699428
     ],
     [
      [
       0.70459926,
       -0.53097457,
       0.47075045,
       0
      ],
      [
       -0.706608,
       -0.46408957,
       0.53415918,
       0
      ],
      [
       -0.065154597,
       -0.70900416,
       -0.70218801,
       0
      ],
      [
       0,
       0,
       0,
       1
      ]
     ]
    ],
    [
     [
      -553.53246,
      -864.24954,
      -71.632341
     ],
     [
      [
       -0.67066509,
       0.012173624,
       -0.74166036,
       0
      ],
      [
       -0.72992134,
       -0.18875772,
       0.65695155,
       0
      ],
      [
       -0.13199663,
       0.98194826,
       0.135479,
       0
      ],
      [
       0,
       0,
       0,
       1
      ]
     ]
    ]
   ]
  },
  "60S_ribosomal_protein_L11":{
   "compNum":1,
   "encapsulatingRadius":18.028519,
   "results":[
    [
     [
      741.74565,
      655.66638,
      -15.421139
     ],
     [
      [
       0.72200173,
       0.062284146,
       0.68908203,
       0
      ],
      [
       0.68569803,
       0.068544097,
       -0.72465158,
       0
      ],
      [
       -0.092366815,
       0.99570191,
       0.0067808446,
       0
      ],
      [
       0,
       0,
       0,
       1
      ]
     ]
    ],
    [
     [
      57.565186,
      973.28414,
      273.07136
     ],
     [
      [
       0.012991478,
       -0.68742442,
       0.72613978,
       0
      ],
      [
       0.9299137,
       -0.25863039,
       -0.26147833,
       0
      ],
      [
       0.36754838,
       0.67864424,
       0.63588536,
       0
      ],
      [
       0,
       0,
       0,
       1
      ]
     ]
    ],
    [
     [
      -255.77869,
      497.66147,
      -890.57005
     ],
     [
      [
       -0.23108955,
       -0.29764467,
       -0.92628574,
       0
      ],
      [
       0.42757043,
       -0.88626134,
       0.17811337,
       0
      ],
      [
       -0.87394577,
       -0.35489225,
       0.33206981,
       0
      ],
      [
       0,
       0,
       0,
       1
      ]
     ]
    ],
    [
     [
      -200.49623,
      -758.81635,
      648.75559
     ],
     [
      [
       -0.0023401342,
       -0.99998546,
       0.0048600519,
       0
      ],
      [
       -0.69381738,
       -0.0018763862,
       -0.72014856,
       0
      ],
      [
       0.72014719,
       -0.0050572115,
       -0.69380283,
       0
      ],
      [
       0,
       0,
       0,
       1
      ]
     ]
    ],
    [
     [
      293.45795,
      -708.63106,
      622.82601
     ],
     [
      [
       0.27485678,
       0.92674118,
       -0.25613397,
       0
      ],
      [
       -0.75090271,
       0.37327868,
       0.54480106,
       0
      ],
      [
       0.60049891,
       0.042589411,
       0.79849058,
       0
      ],
      [
       0,
       0,
       0,
       1
      ]
     ]
    ],
    [
     [
      -77.534021,
      554.28696,
      862.7426
     ],
     [
      [
       -0.090531446,
       -0.43624732,
       -0.89526105,
       0
      ],
      [
       0.50143391,
       0.75672257,
       -0.41944602,
       0
      ],
      [
       0.86044645,
       -0.48688731,
       0.15024199,
       0
      ],
      [
       0,
       0,
       0,
       1
      ]
     ]
    ],
    [
     [
      -160.24194,
      -385.88121,
      -887.69552
     ],
     [
      [
       -0.1241103,
       0.51048601,
       -0.85088229,
       0
      ],
      [
       -0.49051231,
       -0.77697468,
       -0.39459863,
       0
      ],
      [
       -0.86255103,
       0.36839449,
       0.34683019,
       0
      ],
      [
       0,
       0,
       0,
       1
      ]
     ]
    ],
    [
     [
      151.0831,
      1027.335,
      -41.022318
     ],
     [
      [
       0.15465637,
       -0.029904507,
       0.98751563,
       0
      ],
      [
       0.98531502,
       0.077875093,
       -0.15195344,
       0
      ],
      [
       -0.072358787,
       0.99651456,
       0.041509252,
       0
      ],
      [
       0,
       0,
       0,
       1
      ]
     ]
    ],
    [
     [
      -460.87619,
      10.169441,
      877.21951
     ],
     [
      [
       -0.37137008,
       -0.91676593,
       0.14705279,
       0
      ],
      [
       0.10437673,
       -0.19859643,
       -0.97450763,
       0
      ],
      [
       0.92259949,
       -0.34655404,
       0.1694418,
       0
      ],
      [
       0,
       0,
       0,
       1
      ]
     ]
    ],
    [
     [
      155.78808,
      -999.1882,
      -222.68069
     ],
     [
      [
       0.20888394,
       -0.95202798,
       0.22362971,
       0
      ],
      [
       -0.97241551,
       -0.17792717,
       0.15083112,
       0
      ],
      [
       -0.10380567,
       -0.24896719,
       -0.96293283,
       0
      ],
      [
       0,
       0,
       0,
       1
      ]
     ]
    ],
    [
     [
      349.79879,
      322.07402,
      -864.60114
     ],
     [
      [
       0.4072921,
       0.21708307,
       -0.88712347,
       0
      ],
      [
       0.30977926,
       -0.94659513,
       -0.089411587,
       0
      ],
      [
       -0.85915661,
       -0.23839584,
       -0.45278853,
       0
      ],
      [
       0,
       0,
       0,
       1
      ]
     ]
    ],
    [
     [
      -431.83778,
      -894.83844,
      18.380998
     ],
     [
      [
       -0.2922568,
       -0.95229423,
       0.087873109,
       0
      ],
      [
       -0.93670988,
       0.26652551,
       -0.22702159,
       0
      ],
      [
       0.19277091,
       -0.14866021,
       -0.9699173,
       0
      ],
      [
       0,
       0,
       0,
       1
      ]
     ]
    ],
    [
     [
      -555.27048,
      465.97755,
      -727.93448
     ],
     [
      [
       -0.57734871,
       -0.72988337,
       0.36597639,
       0
      ],
      [
       0.48094949,
       0.058208834,
       0.87481391,
       0
      ],
      [
       -0.65981519,
       0.68108881,
       0.31743026,
       0
      ],
      [
       0,
       0,
       0,
       1
      ]
     ]
    ],
    [
     [
      -868.13353,
      537.58934,
      154.54653
     ],
     [
      [
       -0.86737138,
       -0.2880381,
       0.40583369,
       0
      ],
      [
       0.48225349,
       -0.68782496,
       0.5425204,
       0
      ],
      [
       0.122876,
       0.66628134,
       0.73550713,
       0
      ],
      [
       0,
       0,
       0,
       1
      ]
     ]
    ],
    [
     [
      845.05135,
      190.36536,
      -437.78112
     ],
     [
      [
       0.8782391,
       -0.073033795,
       -0.47261208,
       0
      ],
      [
       0.16678621,
       -0.87943941,
       0.44583493,
       0
      ],
      [
       -0.44819471,
       -0.47037482,
       -0.76017702,
       0
      ],
      [
       0,
       0,
       0,
       1
      ]
     ]
    ],
    [
     [
      -197.96822,
      192.67692,
      923.49948
     ],
     [
      [
       -0.28578115,
       -0.38221696,
       0.87877148,
       0
      ],
      [
       0.21694142,
       -0.91901255,
       -0.32916912,
       0
      ],
      [
       0.93341601,
       0.096571587,
       0.34555516,
       0
      ],
      [
       0,
       0,
       0,
       1
      ]
     ]
    ]
   ]
  },
  "Transmembrane_protein_206":{
   "compNum":1,
   "encapsulatingRadius":22.633468,
   "results":[
    [
     [
      -591.99792,
      -464.05738,
      -729.95732
     ],
     [
      [
       -0.62513947,
       0.07923577,
       0.77648067,
       0
      ],
      [
       -0.43500173,
       0.7906335,
       -0.43089703,
       0
      ],
      [
       -0.64805412,
       -0.6071412,
       -0.45978853,
       0
      ],
      [
       0,
       0,
       0,
       1
      ]
     ]
    ],
    [
     [
      937.54788,
      398.16581,
      114.32306
     ],
     [
      [
       0.89889067,
       -0.35785899,
       0.2528488,
       0
      ],
      [
       0.41523963,
       0.51146764,
       -0.75231433,
       0
      ],
      [
       0.13989845,
       0.78124118,
       0.60835075,
       0
      ],
      [
       0,
       0,
       0,
       1
      ]
     ]
    ],
    [
     [
      -879.3081,
      -413.60845,
      166.08583
     ],
     [
      [
       -0.81686276,
       -0.48866683,
       -0.3064962,
       0
      ],
      [
       -0.56104809,
       0.79652226,
       0.22533822,
       0
      ],
      [
       0.13401574,
       0.35602945,
       -0.924815,
       0
      ],
      [
       0,
       0,
       0,
       1
      ]
     ]
    ]
   ]
  },
  "Plasminogen_activator_inhibito":{
   "compNum":1,
   "encapsulatingRadius":23.482701,
   "results":[]
  },
  "Transmembrane_protein_22":{
   "compNum":1,
   "encapsulatingRadius":23.800378,
   "results":[]
  },
  "Procollagen_lysine__Lysyl_hydr":{
   "compNum":1,
   "encapsulatingRadius":29.087798,
   "results":[
    [
     [
      903.44957,
      88.915531,
      350.86967
     ],
     [
      [
       0.91186047,
       -0.36884415,
       0.1801789,
       0
      ],
      [
       -0.19539952,
       -0.7760129,
       -0.59968573,
       0
      ],
      [
       0.36101174,
       0.51162285,
       -0.77968746,
       0
      ],
      [
       0,
       0,
       0,
       1
      ]
     ]
    ],
    [
     [
      -314.6183,
      -343.61577,
      929.48871
     ],
     [
      [
       -0.24843672,
       -0.90122557,
       0.35506579,
       0
      ],
      [
       -0.30760804,
       -0.27418059,
       -0.91115439,
       0
      ],
      [
       0.91850775,
       -0.33558527,
       -0.2091077,
       0
      ],
      [
       0,
       0,
       0,
       1
      ]
     ]
    ],
    [
     [
      -852.02248,
      325.05479,
      -494.51683
     ],
     [
      [
       -0.80694342,
       -0.36217752,
       -0.46655092,
       0
      ],
      [
       0.24874042,
       -0.92484671,
       0.28772697,
       0
      ],
      [
       -0.53569633,
       0.11612926,
       0.8363871,
       0
      ],
      [
       0,
       0,
       0,
       1
      ]
     ]
    ],
    [
     [
      -233.93338,
      -616.67461,
      753.88344
     ],
     [
      [
       -0.28734121,
       -0.15055783,
       -0.94592142,
       0
      ],
      [
       -0.68694592,
       0.72060645,
       0.093977071,
       0
      ],
      [
       0.66748804,
       0.67680037,
       -0.31048501,
       0
      ],
      [
       0,
       0,
       0,
       1
      ]
     ]
    ],
    [
     [
      -431.56611,
      -799.30256,
      -382.32366
     ],
     [
      [
       -0.37549341,
       -0.8483184,
       0.37331045,
       0
      ],
      [
       -0.86831957,
       0.46283102,
       0.17834957,
       0
      ],
      [
       -0.32407683,
       -0.25718367,
       -0.9104014,
       0
      ],
      [
       0,
       0,
       0,
       1
      ]
     ]
    ],
    [
     [
      926.02127,
      131.57869,
      349.06795
     ],
     [
      [
       0.90044731,
       0.14962257,
       -0.40842092,
       0
      ],
      [
       0.067695871,
       0.87932551,
       0.47138503,
       0
      ],
      [
       0.42966479,
       -0.45210582,
       0.78165752,
       0
      ],
      [
       0,
       0,
       0,
       1
      ]
     ]
    ],
    [
     [
      -78.840102,
      546.63405,
      -864.57806
     ],
     [
      [
       -0.3046042,
       -0.79787141,
       -0.52020907,
       0
      ],
      [
       0.53220332,
       -0.59552318,
       0.60175717,
       0
      ],
      [
       -0.78992146,
       -0.09355925,
       0.60602868,
       0
      ],
      [
       0,
       0,
       0,
       1
      ]
     ]
    ],
    [
     [
      46.072296,
      -268.73675,
      -998.35231
     ],
     [
      [
       -0.038137909,
       0.9987995,
       -0.030742532,
       0
      ],
      [
       -0.3172662,
       -0.041276053,
       -0.94743788,
       0
      ],
      [
       -0.94756937,
       -0.026379738,
       0.31845945,
       0
      ],
      [
       0,
       0,
       0,
       1
      ]
     ]
    ],
    [
     [
      -256.22795,
      -481.81049,
      785.53909
     ],
     [
      [
       -0.25149345,
       -0.33503541,
       -0.90802109,
       0
      ],
      [
       -0.57452279,
       0.80668205,
       -0.13851915,
       0
      ],
      [
       0.77889311,
       0.48684216,
       -0.39536074,
       0
      ],
      [
       0,
       0,
       0,
       1
      ]
     ]
    ],
    [
     [
      949.82478,
      82.656628,
      -221.30931
     ],
     [
      [
       0.99224657,
       -0.013519095,
       -0.12354729,
       0
      ],
      [
       -0.09338595,
       -0.73704493,
       -0.66936082,
       0
      ],
      [
       -0.082010746,
       0.67570853,
       -0.73259282,
       0
      ],
      [
       0,
       0,
       0,
       1
      ]
     ]
    ],
    [
     [
      530.49289,
      643.79715,
      -610.83531
     ],
     [
      [
       0.58191592,
       -0.80235964,
       -0.13263817,
       0
      ],
      [
       0.4706991,
       0.19929478,
       0.85949045,
       0
      ],
      [
       -0.66318637,
       -0.56258386,
       0.49364278,
       0
      ],
      [
       0,
       0,
       0,
       1
      ]
     ]
    ],
    [
     [
      959.78146,
      -221.85107,
      314.66586
     ],
     [
      [
       0.86735481,
       -0.34472668,
       0.35896966,
       0
      ],
      [
       -0.29772648,
       -0.9373734,
       -0.18080398,
       0
      ],
      [
       0.39881659,
       0.049946412,
       -0.9156695,
       0
      ],
      [
       0,
       0,
       0,
       1
      ]
     ]
    ],
    [
     [
      -913.85687,
      441.0691,
      -114.18047
     ],
     [
      [
       -0.91763574,
       -0.1249093,
       0.3772828,
       0
      ],
      [
       0.3972927,
       -0.31257433,
       0.86281848,
       0
      ],
      [
       0.010154841,
       0.94164479,
       0.33645493,
       0
      ],
      [
       0,
       0,
       0,
       1
      ]
     ]
    ],
    [
     [
      229.38559,
      555.97676,
      748.84073
     ],
     [
      [
       0.40874544,
       0.91060948,
       0.060971115,
       0
      ],
      [
       0.53201723,
       -0.29202244,
       0.79478335,
       0
      ],
      [
       0.74154222,
       -0.29242641,
       -0.60382283,
       0
      ],
      [
       0,
       0,
       0,
       1
      ]
     ]
    ],
    [
     [
      -61.803268,
      -169.47664,
      -980.42974
     ],
     [
      [
       -0.052871838,
       -0.0031336572,
       0.99859637,
       0
      ],
      [
       -0.22193611,
       0.97502244,
       -0.0086909775,
       0
      ],
      [
       -0.97362667,
       -0.22208409,
       -0.052246701,
       0
      ],
      [
       0,
       0,
       0,
       1
      ]
     ]
    ],
    [
     [
      504.59774,
      139.34047,
      -891.91643
     ],
     [
      [
       0.57010549,
       -0.76714051,
       -0.29406667,
       0
      ],
      [
       -0.077766187,
       -0.40671325,
       0.91023999,
       0
      ],
      [
       -0.81788278,
       -0.49606434,
       -0.291527,
       0
      ],
      [
       0,
       0,
       0,
       1
      ]
     ]
    ],
    [
     [
      574.42595,
      702.03442,
      -465.54538
     ],
     [
      [
       0.39610535,
       0.24308406,
       -0.88544381,
       0
      ],
      [
       0.75557417,
       -0.63422996,
       0.16389041,
       0
      ],
      [
       -0.52173585,
       -0.73393625,
       -0.43488991,
       0
      ],
      [
       0,
       0,
       0,
       1
      ]
     ]
    ],
    [
     [
      -34.918483,
      -252.85756,
      1003.0804
     ],
     [
      [
       -0.00063321792,
       0.26247725,
       -0.96493793,
       0
      ],
      [
       -0.24225166,
       0.93615568,
       0.25480703,
       0
      ],
      [
       0.97021323,
       0.23391917,
       0.062992759,
       0
      ],
      [
       0,
       0,
       0,
       1
      ]
     ]
    ],
    [
     [
      -941.24419,
      138.50371,
      -423.89371
     ],
     [
      [
       -0.91548693,
       -0.36926427,
       0.15977336,
       0
      ],
      [
       0.12788169,
       0.10945946,
       0.98573065,
       0
      ],
      [
       -0.38148382,
       0.92285568,
       -0.052986585,
       0
      ],
      [
       0,
       0,
       0,
       1
      ]
     ]
    ],
    [
     [
      -512.32823,
      19.029722,
      880.81789
     ],
     [
      [
       -0.46156371,
       -0.31331262,
       -0.82993621,
       0
      ],
      [
       0.10860774,
       0.90855771,
       -0.40339482,
       0
      ],
      [
       0.88043362,
       -0.2763299,
       -0.38532907,
       0
      ],
      [
       0,
       0,
       0,
       1
      ]
     ]
    ],
    [
     [
      -439.46807,
      -509.15259,
      715.15248
     ],
     [
      [
       -0.42091513,
       0.6364944,
       -0.64630127,
       0
      ],
      [
       -0.58548349,
       0.35357478,
       0.72951621,
       0
      ],
      [
       0.69284886,
       0.68546313,
       0.223832,
       0
      ],
      [
       0,
       0,
       0,
       1
      ]
     ]
    ],
    [
     [
      -157.25099,
      603.81943,
      752.42663
     ],
     [
      [
       -0.28279161,
       -0.95757669,
       0.055459887,
       0
      ],
      [
       0.58254194,
       -0.21739615,
       -0.78318822,
       0
      ],
      [
       0.76201952,
       -0.18917143,
       0.61930645,
       0
      ],
      [
       0,
       0,
       0,
       1
      ]
     ]
    ],
    [
     [
      -444.83578,
      830.9923,
      -286.4108
     ],
     [
      [
       -0.32931843,
       0.94412088,
       0.013600742,
       0
      ],
      [
       0.92547387,
       0.3256031,
       -0.19359952,
       0
      ],
      [
       -0.18720981,
       -0.051168725,
       -0.98098636,
       0
      ],
      [
       0,
       0,
       0,
       1
      ]
     ]
    ],
    [
     [
      -590.46604,
      781.84047,
      -160.19518
     ],
     [
      [
       -0.72793627,
       0.65725338,
       -0.19526102,
       0
      ],
      [
       0.68479967,
       0.68279743,
       -0.25463134,
       0
      ],
      [
       -0.034033578,
       -0.31907007,
       -0.94711983,
       0
      ],
      [
       0,
       0,
       0,
       1
      ]
     ]
    ]
   ]
  },
  "Sialyltransferase_ST3Gal_I":{
   "compNum":1,
   "encapsulatingRadius":30.683388,
   "results":[]
  },
  "Cystatin_N":{
   "compNum":1,
   "encapsulatingRadius":33.141421,
   "results":[]
  },
  "Leucine_rich_repeat_containing":{
   "compNum":1,
   "encapsulatingRadius":33.506005,
   "results":[
    [
     [
      -68.690559,
      -1006.1353,
      224.19684
     ],
     [
      [
       0.86720765,
       0.47760758,
       0.14086135,
       0
      ],
      [
       0.0053599053,
       -0.29182133,
       0.95645779,
       0
      ],
      [
       0.49791789,
       -0.8286925,
       -0.2556296,
       0
      ],
      [
       0,
       0,
       0,
       1
      ]
     ]
    ],
    [
     [
      -102.45206,
      292.04938,
      -989.0639
     ],
     [
      [
       -0.66442782,
       0.71841645,
       0.20594539,
       0
      ],
      [
       -0.74528342,
       -0.65742511,
       -0.11110756,
       0
      ],
      [
       0.055572156,
       -0.22731064,
       0.97223538,
       0
      ],
      [
       0,
       0,
       0,
       1
      ]
     ]
    ],
    [
     [
      605.72676,
      735.60978,
      407.50223
     ],
     [
      [
       0.20627111,
       -0.79932493,
       -0.56438625,
       0
      ],
      [
       -0.6594221,
       0.31258237,
       -0.68370664,
       0
      ],
      [
       0.72292101,
       0.51319772,
       -0.46261582,
       0
      ],
      [
       0,
       0,
       0,
       1
      ]
     ]
    ],
    [
     [
      38.828032,
      1022.0209,
      135.91314
     ],
     [
      [
       -0.99827027,
       0.058462121,
       -0.0062104994,
       0
      ],
      [
       0.022988226,
       0.29092887,
       -0.95646846,
       0
      ],
      [
       -0.054110359,
       -0.95495689,
       -0.29176959,
       0
      ],
      [
       0,
       0,
       0,
       1
      ]
     ]
    ]
   ]
  },
  "Membrane_associated_progestero":{
   "compNum":1,
   "encapsulatingRadius":33.977087,
   "results":[]
  },
  "Peptidyl_glycine_alpha_amidati":{
   "compNum":1,
   "encapsulatingRadius":34.423356,
   "results":[
    [
     [
      666.22183,
      490.97652,
      612.01561
     ],
     [
      [
       -0.53613323,
       0.6411708,
       -0.54905474,
       0
      ],
      [
       0.80575567,
       0.19481981,
       -0.55928785,
       0
      ],
      [
       -0.2516323,
       -0.74225682,
       -0.62107646,
       0
      ],
      [
       0,
       0,
       0,
       1
      ]
     ]
    ],
    [
     [
      335.98345,
      882.07872,
      -410.58731
     ],
     [
      [
       0.64232707,
       -0.70525366,
       -0.30005541,
       0
      ],
      [
       0.19928803,
       0.53171778,
       -0.82314068,
       0
      ],
      [
       0.74006772,
       0.46892804,
       0.48208532,
       0
      ],
      [
       0,
       0,
       0,
       1
      ]
     ]
    ],
    [
     [
      227.58714,
      -21.565243,
      -1004.5284
     ],
     [
      [
       0.1916434,
       -0.92616534,
       -0.32479304,
       0
      ],
      [
       0.98081213,
       0.16866046,
       0.097781263,
       0
      ],
      [
       -0.035781864,
       -0.33730009,
       0.94071692,
       0
      ],
      [
       0,
       0,
       0,
       1
      ]
     ]
    ],
    [
     [
      765.22148,
      -604.94476,
      -332.68512
     ],
     [
      [
       0.20483696,
       -0.64993244,
       -0.73186725,
       0
      ],
      [
       0.61950928,
       -0.49280572,
       0.61102444,
       0
      ],
      [
       -0.75779295,
       -0.57855892,
       0.30169433,
       0
      ],
      [
       0,
       0,
       0,
       1
      ]
     ]
    ],
    [
     [
      -436.95702,
      -403.82813,
      -843.3151
     ],
     [
      [
       0.10852294,
       0.92027277,
       0.37592661,
       0
      ],
      [
       -0.90593445,
       -0.064136237,
       0.41853243,
       0
      ],
      [
       0.40927449,
       -0.38598526,
       0.82674646,
       0
      ],
      [
       0,
       0,
       0,
       1
      ]
     ]
    ],
    [
     [
      534.93981,
      182.89578,
      -861.83553
     ],
     [
      [
       0.68799299,
       0.41385999,
       -0.59614223,
       0
      ],
      [
       -0.6042369,
       0.78164417,
       -0.15469378,
       0
      ],
      [
       0.40194955,
       0.46663937,
       0.78783518,
       0
      ],
      [
       0,
       0,
       0,
       1
      ]
     ]
    ],
    [
     [
      -700.89346,
      -755.27539,
      58.926402
     ],
     [
      [
       0.70269084,
       -0.249358,
       0.66636789,
       0
      ],
      [
       -0.67775524,
       0.050398644,
       0.7335583,
       0
      ],
      [
       -0.21650267,
       -0.96709901,
       -0.133589,
       0
      ],
      [
       0,
       0,
       0,
       1
      ]
     ]
    ],
    [
     [
      906.14444,
      -382.22652,
      -306.75783
     ],
     [
      [
       -0.35596371,
       0.3086513,
       -0.88205677,
       0
      ],
      [
       -0.92275482,
       -0.26526824,
       0.27956456,
       0
      ],
      [
       -0.14769368,
       0.91343695,
       0.3792353,
       0
      ],
      [
       0,
       0,
       0,
       1
      ]
     ]
    ],
    [
     [
      -88.240262,
      958.67631,
      367.6927
     ],
     [
      [
       0.67745996,
       -0.73537916,
       0.016291853,
       0
      ],
      [
       -0.29924721,
       -0.29577613,
       -0.9071756,
       0
      ],
      [
       0.67193681,
       0.6096999,
       -0.42043662,
       0
      ],
      [
       0,
       0,
       0,
       1
      ]
     ]
    ],
    [
     [
      908.12262,
      353.49741,
      350.94973
     ],
     [
      [
       0.35117269,
       0.29245189,
       -0.88946593,
       0
      ],
      [
       -0.034085136,
       -0.94534606,
       -0.32428226,
       0
      ],
      [
       -0.93569005,
